0.8176636
0.9010992
0.9897917
0.99088067
0.98378915
0.9755073
0.96706486
0.95071346
0.93642837
0.9227028
0.90992
0.88906336
0.8738138
0.86184555
0.8483381
0.82763845
0.81285954
0.80609155
0.7899851
0.78021556
0.76931924
0.7457115
0.7423079
0.74072146
0.7217062
0.723888
0.71121997
0.7076154
0.6998195
0.68704146
0.6851861
0.672584
0.67808706
0.6649769
0.6606105
0.6660479
0.6595727
0.6471835
0.6560423
0.65067315
0.64786094
0.6399097
0.6396584
0.63635826
0.64149517
0.6335594
0.62390876
0.6304726
0.6195168
0.61629534
0.6262975
0.62559015
0.58978254
0.6262496
0.601443
0.6106643
0.6103708
0.61174726
0.60311943
0.60676026
0.610596
0.6090881
0.60366404
0.60019946
0.5902428
0.60284907
0.59800315
0.5983227
0.5990443
0.60972935
0.59373647
0.5975204
0.6083911
0.64919055
0.5791701
0.6045227
0.59940094
0.5920502
0.59726596
0.59106785
0.585523
0.5866241
0.58878744
0.5893452
0.5931681
0.59009993
0.59272873
0.59186107
0.5915618
0.57889223
0.59296775
0.58524686
0.58804536
0.58856845
0.58897215
0.5892395
0.59903663
0.5777157
0.58822966
0.59540814
0.5757452
0.576809
0.58767897
0.57989603
0.58371425
0.58705544
0.5841444
0.57849735
0.58745337
0.57907015
0.59519845
0.57510436
0.5844988
0.603275
0.57812065
0.5847306
0.5789039
0.5811055
0.58162045
0.58389574
0.57868844
0.582244
0.5822838
0.5669066
0.5818692
0.5829366
0.5734279
0.5843718
0.581996
0.5712821
0.58110124
0.5819678
0.57696474
0.57635
0.5774689
0.580372
0.5800524
0.5905935
0.57879835
0.5895319
0.5789016
0.5772067
0.5778022
0.5776889
0.57595044
0.5772398
0.5808167
0.57675594
0.5619514
0.58446574
0.5779264
0.58056957
0.5670986
0.5830386
0.5789926
0.57092357
0.58141065
0.5791747
0.5762135
0.56969863
0.58139193
0.5723997
0.5663559
0.58239186
0.5757532
0.57694125
0.5757087
0.5770755
0.5741121
0.57978594
0.5700428
0.5779037
0.57425094
0.58127326
0.57662266
0.5789744
0.570703
0.5699099
0.573277
0.5286645
0.5859292
0.57670087
0.57842296
0.57311493
0.5685687
0.57903296
0.5761226
0.578288
0.570492
0.572143
0.5852557
0.5757836
0.5781725
0.5766766
0.592482
0.573546
0.58944565
0.56940055
0.5704023
0.57918835
0.5753503
0.5757141
0.5837473
0.5865332
0.5749335
0.57294965
0.5686224
0.5872967
0.5604613
0.5799393
0.57332796
0.57796234
0.5720532
0.57968163
0.57629323
0.56416893
0.57435495
0.5708222
0.5789253
0.57263464
0.56258005
0.58416694
0.56499714
0.57956856
0.5700663
0.5687925
0.5784943
0.57613105
0.57215166
0.58153385
0.5578018
0.5671404
0.5734847
0.57313263
0.5735901
0.55658287
0.5882371
0.5791554
0.5822377
0.5685718
0.5662299
0.57843864
0.57128686
0.5669938
0.577082
0.57586884
0.57628506
0.5715837
0.5774222
0.57081133
0.55351347
0.5781714
0.58528477
0.5721007
0.57686436
0.57031655
0.57019633
0.5727555
0.57620186
0.55223393
0.5817702
0.57068163
0.57691854
0.54804045
0.57763344
0.5758047
0.57580584
0.56942505
0.57691044
0.5742412
0.57378167
0.56872916
0.5799621
0.5738516
0.5748666
0.5733864
0.5700341
0.5771499
0.5719119
0.56634504
0.571429
0.57615083
0.5754407
0.5687197
0.5825926
0.5672178
0.5858564
0.56992215
0.57637423
0.57199144
0.57468915
0.56869215
0.57563734
0.5843267
0.5732634
0.5682219
0.574647
0.5712915
0.5766044
0.5751108
0.5662189
0.56666654
0.57745665
0.5683124
0.57512057
0.5723403
0.5681532
0.5821815
0.5961693
0.56433326
0.57359093
0.5726042
0.5680378
0.57342845
0.57356864
0.5717748
0.575728
0.5680668
0.57630384
0.57506037
0.575254
0.5727008
0.57526356
0.5680947
0.5718127
0.5846645
0.559774
0.5729475
0.57588285
0.5683344
0.5821518
0.57113427
0.57912487
0.568233
0.5579596
0.5696649
0.56154484
0.5775689
0.5687152
0.5755064
0.5728584
0.56938976
0.5862333
0.5722285
0.57041556
0.5759502
0.5719649
0.58828473
0.5867117
0.56916124
0.5779428
0.5845987
0.574244
0.56943625
0.5670076
0.57964903
0.56691045
0.569364
0.5606894
0.57841194
0.5769818
0.5844169
0.5673148
0.5768198
0.5681724
0.58853334
0.53488487
0.5759565
0.5736555
0.581796
0.5711283
0.58094597
0.5717901
0.57711643
0.5794061
0.5667232
0.587652
0.5673248
0.57074994
0.57069105
0.5721712
0.5737669
0.57504815
0.57473767
0.570028
0.57540506
0.53771967
0.5736216
0.5708495
0.5721223
0.5674873
0.53137165
0.57381254
0.5711822
0.56925243
0.5743956
0.5640219
0.5731297
0.5698586
0.57502717
0.56831604
0.5715714
0.56729764
0.57538706
0.5746736
0.5662288
0.57587105
0.57451767
0.5742848
0.5603611
0.57716256
0.58939075
0.5624756
0.56969184
0.5742349
0.574764
0.5700496
0.57580847
0.5835202
0.57216597
0.5734746
0.57481295
0.57460004
0.5716782
0.585588
0.56682247
0.5831055
0.56725556
0.5629297
0.57512397
0.57525796
0.56887937
0.56791633
0.57292
0.5697922
0.56445104
0.57192755
0.59781784
0.5681684
0.57271
0.5748108
0.5657771
0.5696028
0.57497877
0.5704705
0.57542276
0.58351046
0.566087
0.57548445
0.57195884
0.5625512
0.58165437
0.5774172
0.5714857
0.592639
0.57292676
0.5702825
0.5690208
0.57137483
0.5753873
0.56876016
0.5751188
0.5727189
0.56577015
0.57397795
0.57340574
0.5746045
0.58474547
0.56907946
0.570986
0.58255523
0.57025725
0.5817287
0.57246375
0.566894
0.5817295
0.57220554
0.5750787
0.572429
0.5717489
0.5601029
0.5630049
0.5750794
0.5743913
0.5687669
0.57045484
0.5754349
0.574179
0.5712063
0.56535655
0.5709112
0.5674986
0.5712833
0.5632512
0.5752328
0.5742931
0.57399225
0.57451326
0.5731085
0.5712253
0.5868717
0.5620173
0.57334137
0.5638451
0.579152
0.5632759
0.56906456
0.56867546
0.5694303
0.57122713
0.5814243
0.5646538
0.57634896
0.5705257
0.5753192
0.56906945
0.5877744
0.5770212
0.56748307
0.5506823
0.5837833
0.5715725
0.57023287
0.57177526
0.5690489
0.57006353
0.5622184
0.5770643
0.5773373
0.61456776
0.5555151
0.5753377
0.56958306
0.5742018
0.56695336
0.5705094
0.56871885
0.5661283
0.57066506
0.57523817
0.5584701
0.5623439
0.57529587
0.57226044
0.57473797
0.56095463
0.57932836
0.5108033
0.58051306
0.57352394
0.57401794
0.56651694
0.5742515
0.58132535
0.5698441
0.58007556
0.56421405
0.5575617
0.57031476
0.5713014
0.5706961
0.56530434
0.57193977
0.5620057
0.5735522
0.57352465
0.5744686
0.57960105
0.5589679
0.5794111
0.5680027
0.5687382
0.5732607
0.56810683
0.5726349
0.56940085
0.59890515
0.56680244
0.57008725
0.57513183
0.5703475
0.5694838
0.5698953
0.57939494
0.57048255
0.56691724
0.57509714
0.5621851
0.5878137
0.57081574
0.5646369
0.56543225
0.5756447
0.5626614
0.5709134
0.5710283
0.5672478
0.5731881
0.5849721
0.5709085
0.58422977
0.5670093
0.57526153
0.58787656
0.5697428
0.5728847
0.5609851
0.57696086
0.57343704
0.568598
0.5750846
0.5733061
0.57333016
0.57392436
0.5829575
0.56768495
0.5646243
0.565438
0.56753904
0.5748845
0.57269245
0.5708619
0.5720281
0.574389
0.56369144
0.57416517
0.5691975
0.5701335
0.56895226
0.5781172
0.56306165
0.57553303
0.5833128
0.5715582
0.5650314
0.5727485
0.57358724
0.5743206
0.5626367
0.5712567
0.5747958
0.5820852
0.57025415
0.57916397
0.57291055
0.57296866
0.5744878
0.5688123
0.57384443
0.5743322
0.57176113
0.5731769
0.5763657
0.561071
0.5711859
0.57454365
0.574109
0.5702953
0.58710593
0.5833164
0.57183933
0.5738197
0.56181365
0.56531787
0.5816624
0.5643804
0.5759752
0.57965285
0.52792054
0.5819981
0.57120305
0.56471163
0.5854714
0.5712835
0.57587737
0.5702248
0.5751829
0.5738697
0.56609505
0.570522
0.57436746
0.5663064
0.57285756
0.5743007
0.5710991
0.5757131
0.5727569
0.5719914
0.5639886
0.56830317
0.57566065
0.57372373
0.5742323
0.5636788
0.57784265
0.5648214
0.55822045
0.5737725
0.5741063
0.56719035
0.57465
0.5733216
0.5718467
0.57479465
0.5768339
0.5684743
0.5661177
0.57282937
0.57263476
0.5744057
0.5843232
0.57153875
0.5664454
0.57672364
0.5753755
0.5684397
0.57334274
0.5729777
0.5608729
0.5719659
0.574498
0.5709098
0.57482857
0.56246114
0.5685406
0.58609515
0.5695768
0.57116795
0.5748469
0.5609617
0.57525986
0.55754656
0.5783667
0.5688167
0.5646737
0.5753649
0.5671311
0.56932306
0.5491738
0.5797592
0.5636587
0.5729381
0.56457376
0.59367746
0.5690052
0.5747315
0.57136387
0.5816243
0.56378645
0.571412
0.5725135
0.57815015
0.5722425
0.57121444
0.58004814
0.5693961
0.57309896
0.5633014
0.5664741
0.5760548
0.559641
0.5756441
0.57907397
0.58131176
0.57224387
0.56975114
0.5751657
0.58117384
0.5612461
0.5818619
0.5694592
0.5724215
0.58348835
0.57876235
0.57283527
0.56747484
0.5634784
0.5702586
0.5731353
0.57306236
0.56378746
0.5856399
0.56950545
0.57600456
0.5763028
0.5732756
0.5728071
0.5907531
0.58266324
0.57897204
0.5728325
0.57301885
0.5724828
0.5744593
0.5610728
0.57307744
0.5723657
0.619922
0.5592739
0.58189845
0.57081205
0.5721473
0.56605667
0.5760653
0.5644192
0.56914645
0.5753135
0.5697774
0.61313075
0.5643632
0.57643914
0.5698096
0.5698502
0.5322452
0.5747615
0.5741089
0.5739899
0.57206416
0.6379332
0.5574624
0.5684109
0.5647971
0.564204
0.57230836
0.571771
0.5746512
0.57387346
0.57355237
0.5696359
0.5728019
0.5884698
0.5682259
0.56982535
0.5721307
0.56999177
0.5592199
0.5761585
0.57370126
0.5740879
0.5692665
0.5664936
0.575329
0.56973416
0.56539637
0.5715987
0.57972103
0.5694747
0.5751577
0.5692553
0.57289976
0.5572083
0.5771727
0.56603104
0.5600196
0.570335
0.58019394
0.5767614
0.6060458
0.55199337
0.57870644
0.58047694
0.5638873
0.560914
0.5681074
0.57266396
0.57007974
0.57111925
0.5640445
0.5660232
0.5389622
0.5641977
0.56769735
0.5752606
0.5726733
0.5518108
0.57057554
0.5599126
0.5882837
0.5655756
0.5787201
0.57233816
0.5744963
0.5724481
0.57086784
0.5592422
0.5772758
0.57324296
0.5678103
0.57091755
0.6029878
0.55754024
0.56479424
0.5315164
0.58500415
0.571163
0.5747404
0.56221735
0.5688858
0.57484823
0.5738463
0.58126855
0.5708219
0.57298213
0.5745826
0.56721956
0.5700262
0.57510555
0.570853
0.57270366
0.5718058
0.58225226
0.5741077
0.57292783
0.5699041
0.5748454
0.57380843
0.57404226
0.56722814
0.5664029
0.54394054
0.5816416
0.5632668
0.566185
0.57595253
0.5702213
0.57454145
0.58304125
0.57513785
0.5733616
0.5724486
0.5832017
0.56665677
0.57514924
0.5703878
0.570067
0.5724624
0.5743945
0.5736249
0.5666627
0.5684629
0.57201797
0.56751925
0.5746391
0.57382596
0.5656884
0.55806476
0.5696128
0.5678858
0.56788665
0.5675118
0.5662616
0.5696152
0.5675485
0.5750344
0.57245404
0.56794876
0.5721235
0.5558993
0.5653527
0.57990223
0.5724557
0.5743713
0.5709192
0.5615299
0.57421297
0.5671588
0.57497495
0.5649794
0.57578033
0.5632484
0.57534045
0.57361203
0.56249505
0.57275003
0.5781317
0.56482726
0.57080835
0.5637684
0.5734223
0.57543784
0.56207395
0.57385105
0.5740652
0.55694747
0.56496304
0.57462734
0.580146
0.5607471
0.5689244
0.5746251
0.5685008
0.5741121
0.5785876
0.5708596
0.57223994
0.56795937
0.57550186
0.573582
0.56448513
0.5823946
0.5693729
0.5728355
0.5520234
0.58679926
0.57685584
0.56951636
0.56920975
0.5694769
0.5735978
0.5738576
0.58225054
0.57187515
0.5714186
0.5774185
0.56591296
0.57416844
0.57391196
0.5709266
0.57458425
0.5689831
0.55965465
0.5640753
0.57370895
0.5644521
0.5729635
0.56823874
0.5723113
0.5659588
0.57853127
0.56427354
0.5696992
0.58886826
0.566933
0.5758455
0.5682641
0.5704915
0.5749595
0.570349
0.56398225
0.56873137
0.5671699
0.5701559
0.5753126
0.56865877
0.5748542
0.55797106
0.57622117
0.5727793
0.574251
0.5729008
0.5753391
0.571814
0.57796746
0.5646921
0.5712582
0.5703406
0.57485443
0.567203
0.573517
0.5740649
0.5684044
0.56962806
0.5772551
0.57532537
0.57408065
0.56448007
0.56360537
0.5672197
0.57512707
0.57317203
0.57251316
0.5741145
0.53583866
0.58326215
0.5607612
0.61225647
0.56392187
0.5846195
0.57689506
0.566886
0.5714448
0.56796366
0.5797481
0.5518539
0.57429093
0.57398814
0.57185525
0.57382786
0.5739789
0.5739395
0.57258916
0.5628436
0.5641903
0.57245964
0.57388127
0.5640802
0.5789103
0.55326957
0.5798338
0.5723643
0.57435197
0.56735635
0.5725746
0.57437277
0.5700907
0.573911
0.57444495
0.5763592
0.58130455
0.5806536
0.5761137
0.57182574
0.5812412
0.5688854
0.56799567
0.566586
0.6102626
0.5542014
0.57556945
0.56289405
0.56913084
0.56547284
0.5707731
0.56914157
0.574731
0.5687155
0.57823807
0.5728685
0.5742061
0.56326056
0.5759408
0.57352346
0.5740318
0.5690052
0.5746822
0.5623917
0.5708571
0.57528067
0.5708651
0.57072073
0.5731235
0.5749497
0.57367414
0.5677171
0.57527494
0.56400126
0.5688425
0.57489794
0.57250744
0.56907696
0.5747027
0.56697947
0.5731413
0.5782276
0.5595932
0.57767755
0.5729568
0.56480354
0.5697589
0.5586781
0.58442444
0.56452733
0.57888097
0.5705846
0.5746633
0.5669346
0.5683871
0.57993066
0.57241976
0.57300013
0.574005
0.56262827
0.58568096
0.57105744
0.56948525
0.5552397
0.5739201
0.57350713
0.54953986
0.57674783
0.5701583
0.5748932
0.5651233
0.5672729
0.56786567
0.5801327
0.57772726
0.56828743
0.5748847
0.57374716
0.5739657
0.57391936
0.5717334
0.55965704
0.5720964
0.57588696
0.5653067
0.57251173
0.56919914
0.5716796
0.5744191
0.5733362
0.5660251
0.5759308
0.57341665
0.56951314
0.56890285
0.5744379
0.573893
0.56553084
0.5741364
0.5730706
0.583685
0.57106435
0.5795937
0.5725006
0.5742809
0.573834
0.56402016
0.5667947
0.57501894
0.56621665
0.5637391
0.5730844
0.5624414
0.57622933
0.56704587
0.56701016
0.57368594
0.5742342
0.57381064
0.57275814
0.5797627
0.58188224
0.559095
0.5620951
0.58680457
0.5568235
0.5871648
0.5802881
0.5723656
0.5688986
0.5792225
0.57184887
0.5713461
0.5716772
0.57248527
0.5721263
0.57454276
0.5566779
0.5786783
0.5716199
0.5745055
0.5737691
0.57395536
0.5677632
0.5631594
0.5700199
0.5695278
0.5694397
0.5750416
0.5674309
0.5712834
0.5742872
0.57119197
0.5707214
0.5616079
0.5762517
0.5687792
0.57777166
0.5715196
0.564614
0.5617327
0.57034355
0.57478493
0.57134914
0.5744261
0.56965125
0.56938773
0.5711126
0.5714374
0.5745718
0.57374316
0.58289915
0.5711484
0.5708599
0.5740746
0.5656212
0.564142
0.5710273
0.5691722
0.57386065
0.5721305
0.56713706
0.57842666
0.57202375
0.5711834
0.57224935
0.56900233
0.5790334
0.56478995
0.55778444
0.57659507
0.5734088
0.5724381
0.56850624
0.56338054
0.57366747
0.583325
0.5619547
0.57569045
0.57168406
0.5734664
0.57116574
0.57196164
0.5720825
0.5741063
0.57722396
0.5540809
0.55426204
0.5968455
0.5634787
0.5861287
0.57007295
0.5850534
0.5707733
0.563469
0.5667148
0.56089014
0.5738684
0.57388264
0.5739173
0.5792933
0.57254964
0.5579485
0.571191
0.5646996
0.579216
0.5723143
0.570981
0.5913027
0.56617445
0.56681806
0.57795334
0.58524615
0.5679317
0.5751957
0.5714518
0.58423156
0.5791419
0.567403
0.5613032
0.57375544
0.57367593
0.5738826
0.5738911
0.57192665
0.5828832
0.5716391
0.57220817
0.56224394
0.57336265
0.5513926
0.5779395
0.5654493
0.57447845
0.57283396
0.5760897
0.5496262
0.5761748
0.57607776
0.5734578
0.57155854
0.56598973
0.57141846
0.5745484
0.57279843
0.5714619
0.56738573
0.5680831
0.5624233
0.5702162
0.574306
0.5736812
0.5731624
0.5665087
0.57516557
0.57090324
0.5726432
0.5704694
0.5746141
0.57836777
0.56874675
0.5693793
0.57515997
0.58179975
0.56490594
0.57552946
0.57144004
0.57333136
0.5633245
0.5739352
0.5737438
0.60467297
0.55647427
0.5777371
0.5670429
0.56627965
0.57255846
0.5721732
0.5697305
0.5683005
0.5692061
0.5722988
0.5723075
0.5715377
0.57430136
0.5542856
0.5784392
0.5624783
0.57057273
0.56475544
0.5697481
0.5856989
0.5637464
0.5765459
0.5652411
0.5576679
0.56461495
0.57590264
0.5678873
0.5677025
0.571323
0.57415247
0.56887096
0.5664788
0.58125633
0.5703028
0.5758369
0.5645705
0.5753279
0.56872565
0.5701411
0.5659687
0.5726591
0.57397985
0.56724495
0.5716124
0.569879
0.57293004
0.57414967
0.56925255
0.5745549
0.56089336
0.57587767
0.5734552
0.57854223
0.57272416
0.5623617
0.57431024
0.57186043
0.5743488
0.56398976
0.57544106
0.5722295
0.5768845
0.5726178
0.5792263
0.58266497
0.5629669
0.56853265
0.57513183
0.5922932
0.56746066
0.5754079
0.5585273
0.57713956
0.5654351
0.5738457
0.5739904
0.5796979
0.57184035
0.57786757
0.5692059
0.5680583
0.5752223
0.581073
0.57200557
0.57196754
0.5739267
0.5739043
0.58134574
0.5720121
0.57436466
0.57070726
0.57017374
0.578842
0.5723028
0.5695718
0.574537
0.56496376
0.59862304
0.5677331
0.5789612
0.57201844
0.57443726
0.5877035
0.5694358
0.5713815
0.5749757
0.5736442
0.57797414
0.5715181
0.5733104
0.5690131
0.5659364
0.58075505
0.5671404
0.57498837
0.5652457
0.57351303
0.5632533
0.57392424
0.5712071
0.5745079
0.5734856
0.57399565
0.576737
0.55995184
0.57655466
0.57449335
0.5657919
0.5733227
0.573936
0.57386225
0.573893
0.5692647
0.5866789
0.555156
0.5533418
0.5790883
0.5723023
0.58613276
0.5664616
0.5646389
0.56204945
0.5672179
0.56320006
0.5656581
0.57023907
0.5776967
0.58091766
0.56292063
0.57597905
0.5716727
0.57370764
0.57030004
0.57082814
0.57439035
0.57228345
0.57399935
0.5665458
0.56554496
0.5738027
0.5617575
0.5734728
0.5685099
0.568609
0.57054484
0.57721883
0.5548951
0.5685664
0.5727164
0.5719879
0.58349335
0.57444674
0.5573507
0.5859606
0.5560513
0.5614785
0.5813962
0.57124716
0.5802458
0.5580217
0.5745478
0.5694209
0.56648254
0.57561797
0.5734611
0.5739886
0.5658451
0.5476299
0.5719194
0.57082653
0.5450366
0.57218647
0.5748844
0.57065743
0.5740927
0.5801132
0.5637474
0.5761796
0.5675301
0.5787737
0.56727535
0.5718756
0.5706355
0.5760212
0.5696158
0.574961
0.5736092
0.5802617
0.5721299
0.5730174
0.5599406
0.57585144
0.5733729
0.57393175
0.5667205
0.5820051
0.5694242
0.5681685
0.5753464
0.57350844
0.5613286
0.56621665
0.5682431
0.55673754
0.58523846
0.57103175
0.5735125
0.5731208
0.58128005
0.5668814
0.575696
0.57340914
0.56406313
0.5734382
0.57405955
0.5727796
0.5741694
0.5685132
0.575286
0.57013863
0.5729332
0.5780071
0.57136065
0.5745157
0.5646397
0.5710936
0.564918
0.5758957
0.5733974
0.56841326
0.564567
0.5978334
0.56334573
0.5757874
0.57340264
0.5739999
0.5821348
0.56526655
0.567981
0.5739009
0.57319266
0.5689499
0.5751379
0.5737383
0.564595
0.5757088
0.5687275
0.58838344
0.563505
0.5608427
0.5857671
0.5196591
0.5892919
0.5695856
0.5739276
0.5674959
0.57550627
0.57346535
0.56584
0.6098509
0.5643887
0.57635564
0.57322955
0.563879
0.5730257
0.5712645
0.57141924
0.5817444
0.6019018
0.56463283
0.5750107
0.5778971
0.5724714
0.5647171
0.5708203
0.56842726
0.5667073
0.5750986
0.5697021
0.56879777
0.57281214
0.57215303
0.5716672
0.57277304
0.5740524
0.5738438
0.56300324
0.56895775
0.5883705
0.5650983
0.5694163
0.5590994
0.56807786
0.5642705
0.5608917
0.57314324
0.56482524
0.56808
0.573042
0.57411045
0.57692903
0.55649966
0.5752267
0.57188874
0.57079
0.5745999
0.5722105
0.5743087
0.58509725
0.5680477
0.57405514
0.573749
0.56673527
0.5753756
0.5676487
0.5727151
0.57320815
0.57542396
0.5839247
0.576782
0.57317215
0.5739514
0.55737406
0.5775648
0.5729959
0.5690141
0.5688657
0.572366
0.5576421
0.5771343
0.5645444
0.5719462
0.5728111
0.5683432
0.5773607
0.5694564
0.57977086
0.5723708
0.5723669
0.5818893
0.5646742
0.55460125
0.57485545
0.5688786
0.56650263
0.5830066
0.5671179
0.58014494
0.5723357
0.5685424
0.5747049
0.5723209
0.57411474
0.5664289
0.5812959
0.57175463
0.5701564
0.5721171
0.5743827
0.5708014
0.5728819
0.57620144
0.5711693
0.57436126
0.5672472
0.5751596
0.57037497
0.57292455
0.57414716
0.57379574
0.57359165
0.571517
0.5739818
0.5721646
0.5732431
0.5715052
0.5780475
0.5618827
0.5764201
0.5665051
0.57505125
0.5784823
0.57246786
0.5626472
0.57643217
0.56994873
0.56832385
0.57532007
0.57349306
0.57396823
0.5794154
0.57188755
0.56745744
0.57867146
0.56199783
0.5653935
0.5743141
0.57482916
0.5712802
0.57272094
0.5589718
0.5771828
0.57010406
0.57161623
0.5742068
0.57171804
0.574153
0.5694384
0.5831225
0.5715267
0.5718787
0.5742137
0.5690276
0.57513446
0.57454777
0.55884993
0.5740139
0.5812902
0.566467
0.5633722
0.5759237
0.5714815
0.5354313
0.59037673
0.5678918
0.57269984
0.5701386
0.5693965
0.5726715
0.5720967
0.5750671
0.5732678
0.5740537
0.5663948
0.56553817
0.5693225
0.56876355
0.57379204
0.56312627
0.5829969
0.5680656
0.57473874
0.57177705
0.57227033
0.57144165
0.571604
0.56818116
0.5731643
0.5646796
0.5716771
0.5718106
0.57437897
0.5715027
0.57167673
0.57365125
0.5739209
0.5738538
0.58020276
0.56531364
0.562072
0.57618594
0.58523756
0.5709901
0.5745933
0.56990206
0.5727465
0.5883152
0.57008845
0.56755644
0.5738044
0.5572782
0.5857039
0.6027886
0.5657156
0.5842948
0.5830256
0.55708164
0.58177227
0.5719476
0.5771794
0.5507622
0.57855415
0.5651302
0.57367057
0.57402545
0.5827277
0.57069224
0.5631233
0.57254434
0.56671005
0.5738497
0.5738837
0.57022476
0.57009774
0.5743522
0.56827766
0.5682824
0.57516724
0.57226497
0.5682189
0.5727474
0.5742008
0.5661678
0.5701949
0.5654447
0.57365227
0.57407117
0.5731606
0.5739677
0.573379
0.5739284
0.5679474
0.57519126
0.5735519
0.57394093
0.56358194
0.5834903
0.56333566
0.5761347
0.5725482
0.5740978
0.5672461
0.56553286
0.5749081
0.57405275
0.57367927
0.57223916
0.5656317
0.5643593
0.5742171
0.56638235
0.5739463
0.57110804
0.57421273
0.5699373
0.56807715
0.5740686
0.57113236
0.5746006
0.5722422
0.5719651
0.5673595
0.5546902
0.57404184
0.5718587
0.57445383
0.5711084
0.56820244
0.5811785
0.5699087
0.5763022
0.5725919
0.5738302
0.5876379
0.57013345
0.57010025
0.5771095
0.5452442
0.5775891
0.56970674
0.5732574
0.57402545
0.57080114
0.5447013
0.57658297
0.5655009
0.5698478
0.57606643
0.5704659
0.5732462
0.57351047
0.57401353
0.5712914
0.5762034
0.5632076
0.5754481
0.5720363
0.5554914
0.5782945
0.5810484
0.5710708
0.56956106
0.5665317
0.5731058
0.5764683
0.57210153
0.57202727
0.568839
0.5570051
0.59318686
0.5738156
0.56659526
0.5816603
0.5719023
0.56625676
0.56727165
0.5613983
0.5725774
0.5742368
0.5644329
0.5706231
0.57476026
0.5783487
0.56943303
0.5747219
0.5714373
0.57446843
0.57206774
0.57238615
0.5706052
0.56873846
0.57389826
0.5738
0.5695122
0.57432586
0.5738135
0.56976694
0.574935
0.5735794
0.5680506
0.5716217
0.5560989
0.57568854
0.56867325
0.56729907
0.56679815
0.5697469
0.57402825
0.57970816
0.5586158
0.57911086
0.56694335
0.58269435
0.55846137
0.577804
0.56776434
0.5800949
0.57237047
0.5664342
0.5757932
0.57335734
0.56979305
0.5579991
0.5774408
0.5667221
0.5712206
0.5740399
0.57017183
0.574807
0.5637681
0.5737324
0.5724561
0.5795216
0.56596226
0.5758505
0.56692094
0.5743919
0.5722485
0.57374126
0.5733213
0.5774715
0.56905085
0.5751178
0.573532
0.56937456
0.56848925
0.5648884
0.57425094
0.5538107
0.57339936
0.5692776
0.57425815
0.5722525
0.5742898
0.57051474
0.5788276
0.57875746
0.5596985
0.5748798
0.58219
0.5689697
0.58518296
0.56994945
0.57471085
0.5647807
0.5731466
0.561719
0.5832816
0.57154346
0.57002527
0.5741856
0.58258945
0.5837977
0.5601768
0.6228738
0.5732232
0.57371724
0.5711682
0.57419246
0.5738186
0.573147
0.56655234
0.5716336
0.5791337
0.5808212
0.5651534
0.5680926
0.58089423
0.5814702
0.56944066
0.55243844
0.57242996
0.57060593
0.5826748
0.57968855
0.5716756
0.5852798
0.5669527
0.5752023
0.58335096
0.55614084
0.57679147
0.57225174
0.56989723
0.5470113
0.5803574
0.5675761
0.5754478
0.57049483
0.5747371
0.5842251
0.5653313
0.57367635
0.58705664
0.55943644
0.6335972
0.55518097
0.57851166
0.570051
0.5823297
0.5937856
0.56728953
0.5754631
0.58002275
0.56679386
0.5735048
0.5733915
0.5718128
0.55988914
0.5728918
0.5781705
0.5705382
0.5744089
0.56545305
0.57458454
0.56282145
0.57664937
0.5729467
0.5693646
0.57476944
0.5682221
0.57530826
0.5734593
0.56376547
0.57380736
0.57368225
0.56732947
0.5748506
0.5660375
0.5750065
0.58185345
0.56596893
0.58029294
0.57002
0.5800536
0.56089944
0.5765128
0.5732606
0.5656446
0.5727946
0.57449627
0.5673998
0.57803994
0.5643032
0.5633261
0.5673394
0.56243443
0.5756528
0.5735399
0.5727524
0.5673203
0.5734831
0.5733207
0.57308954
0.57268494
0.5742242
0.5737519
0.5816285
0.57170886
0.57441896
0.5850759
0.58327806
0.5708623
0.5683394
0.57443666
0.5695774
0.56995845
0.5743835
0.55784315
0.5772019
0.5669503
0.57211494
0.56857014
0.5797124
0.5747879
0.5849433
0.56309164
0.5740703
0.5679535
0.56456155
0.58423406
0.57628983
0.5829148
0.57115674
0.56910926
0.5789142
0.57011825
0.58201605
0.5639947
0.5757959
0.5613726
0.57908887
0.57242244
0.5725425
0.5685149
0.5751733
0.5846278
0.5711588
0.5697291
0.57335204
0.54699147
0.5773123
0.56971455
0.57367176
0.56957334
0.5685443
0.57337373
0.58460164
0.56921345
0.585494
0.6400591
0.54961616
0.5760359
0.56261295
0.5688204
0.5853443
0.57011276
0.58511025
0.5710144
0.5853147
0.56490725
0.55948246
0.5699957
0.56845355
0.57193714
0.57436824
0.573716
0.57221526
0.57415694
0.5737918
0.5725088
0.579266
0.5770006
0.5654164
0.57537466
0.57354647
0.5823148
0.5717215
0.57439107
0.5681841
0.56974095
0.5725296
0.57364225
0.5710328
0.56319976
0.5606081
0.581009
0.5806616
0.5719456
0.5651052
0.5590688
0.57630914
0.5673917
0.57281834
0.5765462
0.57275265
0.57599944
0.57319456
0.56504875
0.5725258
0.5588815
0.6143442
0.57339114
0.5740151
0.5705773
0.57471484
0.57362616
0.5727287
0.57035136
0.58085704
0.5721107
0.57374215
0.5738158
0.56625384
0.5778396
0.5584988
0.5851616
0.5627566
0.57220745
0.56344485
0.5749884
0.570507
0.57052404
0.57458925
0.56799227
0.56972027
0.5704437
0.5747439
0.56721306
0.57322794
0.57407355
0.57378715
0.5661105
0.5739498
0.5699179
0.559094
0.5762882
0.5662858
0.53399545
0.58261126
0.56881475
0.5728292
0.56070346
0.57121736
0.5795169
0.5687991
0.5702843
0.57126683
0.5745371
0.58409923
0.56731486
0.57402873
0.5665846
0.5765903
0.582112
0.55431813
0.57446647
0.56765944
0.5698201
0.57036066
0.56295925
0.5762605
0.5732848
0.5711909
0.5777008
0.5748084
0.57316405
0.57854337
0.56985384
0.5799881
0.5723165
0.57423395
0.5704841
0.5711103
0.5731321
0.5757671
0.57319456
0.57342535
0.5739645
0.57067996
0.5742659
0.5671186
0.5743506
0.5728266
0.56813085
0.5714666
0.56190085
0.5735629
0.57117003
0.57421905
0.5706101
0.5660937
0.5610669
0.5775337
0.5717647
0.5725802
0.56967866
0.57266223
0.5815826
0.58316725
0.5616581
0.57693094
0.57183886
0.56823856
0.5719109
0.5626735
0.5737049
0.57163066
0.5707765
0.5741706
0.5694224
0.574239
0.57384115
0.5830532
0.5669603
0.5750267
0.56703043
0.5754408
0.5707298
0.5633771
0.5739959
0.5839565
0.59083503
0.5684125
0.56996584
0.56122386
0.5725585
0.57431966
0.5737086
0.57998824
0.57125634
0.57254434
0.56923765
0.58177274
0.56883496
0.5782991
0.5636061
0.57001776
0.57076055
0.56940895
0.57378644
0.57631403
0.5759654
0.5746766
0.5719604
0.56554073
0.57676274
0.5700984
0.5735591
0.5678642
0.5707758
0.5689003
0.5700571
0.567957
0.56961435
0.5720441
0.5698926
0.5748368
0.5718367
0.5707709
0.6171077
0.55941254
0.5756629
0.5706615
0.5661356
0.5810473
0.58087283
0.56531143
0.58144754
0.56764495
0.56787246
0.57348275
0.5722685
0.5773955
0.5700357
0.574518
0.568572
0.56877947
0.57481325
0.5736472
0.57723165
0.5722717
0.5717816
0.5700019
0.57490855
0.573569
0.563142
0.5726702
0.56565636
0.57479674
0.5595247
0.57346946
0.5618381
0.5959892
0.56306535
0.5765887
0.5731531
0.5684342
0.577587
0.5637967
0.5758169
0.5688114
0.56889147
0.577313
0.56533974
0.5713952
0.5698127
0.5728495
0.5694041
0.5747303
0.5736575
0.5750626
0.57287735
0.57142466
0.5825286
0.5809827
0.5656678
0.58402675
0.5711599
0.5674465
0.58018464
0.58327484
0.554614
0.5741368
0.57081336
0.5823341
0.56696814
0.57519984
0.5726216
0.57403666
0.5738169
0.576763
0.56980735
0.56677675
0.5747542
0.5701122
0.5667246
0.5742934
0.5688012
0.5741779
0.56851226
0.57346815
0.5710532
0.5744527
0.5737084
0.5718352
0.5705094
0.56993955
0.5709884
0.56665164
0.57372516
0.5701434
0.5748443
0.5840699
0.5712766
0.5744949
0.59061724
0.56996757
0.58265036
0.5633877
0.56160235
0.56965643
0.57081205
0.54462624
0.5661643
0.5758004
0.5597503
0.5761718
0.57315254
0.5673878
0.57044774
0.57097024
0.570895
0.57159406
0.5731406
0.57321167
0.55698705
0.57333726
0.57140464
0.5636716
0.5672108
0.5705184
0.5727213
0.57342
0.5666521
0.57565945
0.569761
0.5711956
0.56695455
0.5845528
0.5711521
0.58397
0.5700796
0.57159036
0.5729897
0.57989144
0.57166237
0.5689497
0.5718136
0.5714354
0.57427925
0.5685013
0.57524514
0.56910217
0.57504743
0.57258195
0.57312125
0.570811
0.57119006
0.5741046
0.5738363
0.56904215
0.56744665
0.5747871
0.56209403
0.57106954
0.5617607
0.5760866
0.57338375
0.5689611
0.5676902
0.54621893
0.5728399
0.56377846
0.5731406
0.5693936
0.5674944
0.62487715
0.5586784
0.5776915
0.5707124
0.55888796
0.5720212
0.5684747
0.5790711
0.57544947
0.56656146
0.5741219
0.5653511
0.57569295
0.5592701
0.5707812
0.5743217
0.5698181
0.57487965
0.5723703
0.5674977
0.57077205
0.56734544
0.575123
0.56666994
0.5789994
0.5719892
0.57108426
0.56652373
0.57069397
0.574111
0.57385033
0.5725663
0.5741834
0.5675893
0.5682679
0.57527137
0.5623005
0.5731576
0.5630683
0.5738077
0.56876963
0.574747
0.57366794
0.5876072
0.56886363
0.5681773
0.56499356
0.57525253
0.5641446
0.56546617
0.5665937
0.58136654
0.5645299
0.53988785
0.5818663
0.57186073
0.57435083
0.5737161
0.57424945
0.56672525
0.5627549
0.5706571
0.5726804
0.57293266
0.57332945
0.5643596
0.57606775
0.5691682
0.5865123
0.5697296
0.57586753
0.57327867
0.5653771
0.56315804
0.5753657
0.56033707
0.5691243
0.5691058
0.57472914
0.57365984
0.5738886
0.5738353
0.5738484
0.5708539
0.5642578
0.5747891
0.57143426
0.5701587
0.5747869
0.55709624
0.5841537
0.570664
0.5747258
0.5829722
0.56617045
0.54441327
0.57963794
0.5674755
0.56521666
0.56508297
0.5759673
0.5733181
0.56615657
0.57580435
0.5636466
0.56573576
0.5759335
0.5651954
0.5753872
0.5659519
0.5757924
0.57011944
0.58274025
0.5670431
0.574699
0.5683512
0.57784146
0.5687461
0.5711115
0.576884
0.5597575
0.5652367
0.56744045
0.5712287
0.5741213
0.5720783
0.5718561
0.58066416
0.5675828
0.5744797
0.5730491
0.5813187
0.571972
0.57431597
0.5877073
0.5746563
0.5710933
0.5722592
0.5734259
0.56868786
0.57424504
0.5695588
0.58876586
0.5691115
0.5751597
0.5621946
0.57270235
0.5763356
0.5789022
0.5646136
0.5722337
0.5738973
0.57210165
0.57298326
0.56426686
0.5750814
0.57127476
0.5724733
0.56764615
0.5852493
0.56620044
0.5658097
0.5759104
0.5733089
0.5724799
0.57101285
0.5727523
0.57413095
0.56786454
0.573602
0.57178503
0.5732911
0.58367455
0.57112193
0.56377643
0.5761829
0.56524163
0.573302
0.5841288
0.5689766
0.5677421
0.5678695
0.5751335
0.5735436
0.57292336
0.572864
0.5619979
0.58574814
0.5624962
0.5726517
0.5685143
0.5651195
0.5664945
0.5832999
0.55950075
0.5957518
0.5658165
0.5745318
0.57936007
0.5600872
0.57678443
0.5692692
0.5746605
0.5692535
0.5857157
0.5822161
0.57167
0.5666793
0.5845949
0.5660899
0.56789535
0.5640372
0.5729297
0.5619011
0.57374614
0.5741775
0.56408125
0.58148056
0.5529451
0.5716478
0.5737973
0.5733567
0.56533223
0.5707477
0.5688552
0.566875
0.57515
0.5693603
0.5857713
0.57090116
0.5613591
0.57434124
0.57001895
0.5688145
0.57378846
0.5718382
0.57192785
0.5743298
0.5737185
0.56080437
0.57141054
0.56468564
0.5950394
0.56372124
0.5665509
0.5748489
0.5716952
0.57069343
0.56922776
0.57302046
0.56881815
0.56573385
0.5679963
0.57035166
0.5647773
0.57795686
0.56956166
0.5764869
0.5726729
0.57334656
0.57215554
0.5691336
0.5747955
0.5736747
0.573651
0.57237464
0.56633645
0.5715187
0.57324004
0.57193834
0.57356447
0.57388264
0.5738375
0.57379466
0.5636367
0.57400936
0.5692565
0.5744788
0.5661311
0.5753706
0.565959
0.5749237
0.56847167
0.5723302
0.57018083
0.5803576
0.56935555
0.59178334
0.5593736
0.568404
0.5691524
0.57320744
0.5774231
0.57301575
0.573409
0.56343716
0.57649666
0.5682472
0.5828948
0.5748105
0.5736542
0.6220832
0.5606728
0.5664244
0.5506222
0.57761294
0.57307094
0.5641684
0.5641478
0.5701348
0.5733259
0.5754736
0.5674008
0.58140594
0.56921834
0.5689091
0.57499605
0.5800574
0.5704668
0.57124364
0.57455224
0.5883555
0.5671112
0.57553333
0.5720807
0.57949704
0.56701684
0.5846094
0.5711493
0.57451725
0.5821945
0.5564487
0.57819897
0.5727435
0.5698418
0.5743254
0.5966
0.5644013
0.576814
0.5724235
0.565541
0.56060755
0.5701863
0.57419366
0.57382625
0.5709047
0.569225
0.5644763
0.57620037
0.5708492
0.58378977
0.5604239
0.5696729
0.57481146
0.57104695
0.56950873
0.5725216
0.574035
0.5728187
0.56779957
0.56429857
0.56703067
0.5703392
0.5633663
0.57143146
0.57448554
0.5755771
0.57232493
0.5620803
0.58528525
0.57062596
0.57469416
0.57037884
0.5857931
0.57313675
0.56297106
0.5793639
0.562227
0.5681308
0.5753096
0.56000906
0.56710815
0.5681789
0.569128
0.5763328
0.5785451
0.5670658
0.56792855
0.5658949
0.57422715
0.5651111
0.5652209
0.5723774
0.5741765
0.5737593
0.57315415
0.5776752
0.55876535
0.57679933
0.5231075
0.57794183
0.5725096
0.5640519
0.57141
0.5745191
0.5701692
0.5622592
0.5888323
0.55614036
0.57756394
0.5775934
0.5623226
0.57682085
0.56939125
0.5718874
0.5715219
0.5714144
0.5711841
0.57076204
0.5855896
0.5774987
0.5682368
0.5752625
0.57026976
0.5836814
0.55847627
0.5860607
0.56294584
0.57015854
0.5709334
0.57410246
0.5738364
0.57383525
0.57681054
0.5741367
0.57015604
0.61734146
0.55756146
0.58662575
0.56597906
0.5747765
0.57244015
0.5730993
0.5613467
0.5804748
0.54159564
0.5732948
0.57321304
0.58415526
0.5692799
0.5737074
0.5743008
0.57028264
0.5692188
0.5749945
0.55979973
0.57274836
0.5666887
0.5728505
0.5771863
0.56929445
0.5749913
0.65295035
0.54855067
0.5804135
0.5971369
0.55473274
0.57894737
0.57168174
0.57408756
0.56872207
0.5744972
0.5613546
0.5174922
0.57587665
0.5725007
0.5746103
0.5723692
0.56671757
0.5786326
0.5818673
0.5718876
0.5676132
0.5748177
0.5736039
0.57130486
0.57080334
0.55907035
0.58171993
0.5634657
0.561072
0.57688856
0.5561152
0.5777397
0.5799224
0.5705423
0.62463635
0.5607338
0.56942415
0.5633574
0.575983
0.569801
0.57182616
0.57113767
0.58353305
0.5584104
0.5749019
0.5678472
0.57527715
0.5693906
0.5726753
0.5795248
0.56763726
0.5748271
0.5673712
0.57028455
0.58824563
0.5641292
0.57629967
0.58837414
0.5777192
0.59036195
0.564299
0.57564735
0.5695925
0.5832505
0.5651676
0.57540053
0.5682275
0.57196146
0.5741634
0.55865806
0.57256013
0.5689909
0.57081795
0.57177734
0.5458637
0.57673293
0.5722234
0.5851717
0.5790009
0.5725393
0.5741686
0.5708875
0.57081324
0.5729645
0.5735207
0.5678282
0.5710212
0.5737943
0.57122827
0.58243746
0.57168835
0.57052755
0.572853
0.57857966
0.5726655
0.5692275
0.56586593
0.5672478
0.5750225
0.55943465
0.577782
0.57039267
0.5710203
0.57410043
0.5806466
0.5669162
0.5817428
0.5694006
0.57878155
0.5725296
0.53759825
0.5742437
0.57217485
0.5733531
0.5842275
0.56318516
0.5817279
0.5611643
0.5735921
0.56378293
0.56947094
0.5745844
0.5719277
0.57682335
0.5642137
0.56704146
0.5756697
0.5701776
0.5704599
0.5710604
0.5740667
0.56430936
0.5792431
0.56766725
0.5692435
0.57031614
0.5692823
0.58068067
0.5717215
0.5725549
0.5725813
0.57418823
0.57374835
0.5738637
0.5677878
0.5600507
0.57001233
0.5814764
0.5716011
0.5628187
0.58454555
0.57839435
0.56691957
0.558605
0.58171624
0.571945
0.57941437
0.5707031
0.5719767
0.5743113
0.57248336
0.56977314
0.57390004
0.57383436
0.5792529
0.5745606
0.5606292
0.5675111
0.5725445
0.5797107
0.55895644
0.649436
0.55156946
0.57239026
0.56703144
0.585654
0.57094246
0.5684345
0.5690304
0.57432085
0.579601
0.57528406
0.5722573
0.5794266
0.5629828
0.56968373
0.5691962
0.56404394
0.5715881
0.57432866
0.5715078
0.5738495
0.57375735
0.57337135
0.5820037
0.55939
0.57459754
0.57329184
0.5698844
0.58582187
0.5708548
0.581426
0.5630358
0.5698378
0.5705052
0.5733486
0.5626697
0.5709163
0.5739636
0.5688165
0.5739133
0.56758463
0.5665106
0.57020277
0.5783196
0.56902534
0.58147997
0.5568568
0.5777101
0.57291555
0.5740661
0.5725423
0.5750317
0.5736375
0.57087684
0.5709182
0.56800157
0.5818839
0.56846577
0.56338024
0.572095
0.5613372
0.5753995
0.5662616
0.5864447
0.56756663
0.5750397
0.5735855
0.5838862
0.5674401
0.5737582
0.5731203
0.56953925
0.5683127
0.5691354
0.5749597
0.5692589
0.56889635
0.57465607
0.5700289
0.57243115
0.5731788
0.5694435
0.56976765
0.57617456
0.5692963
0.5725398
0.571044
0.5720263
0.5743877
0.5710421
0.565857
0.5745449
0.57201964
0.5819013
0.5772748
0.5653468
0.57604593
0.5629441
0.5736015
0.5647884
0.5754009
0.5685528
0.54342896
0.5743324
0.5545671
0.5814653
0.57198066
0.5825253
0.56119806
0.59073514
0.5677506
0.564435
0.5655654
0.5663304
0.58047247
0.56223285
0.57640034
0.57861483
0.56424505
0.57586694
0.57337826
0.6037175
0.5633189
0.569542
0.5779657
0.5677483
0.5757602
0.5621309
0.57421166
0.572977
0.56481147
0.57596904
0.5827281
0.5713361
0.5717362
0.5743649
0.5696449
0.5706866
0.57194126
0.56872934
0.5751206
0.56633395
0.5740184
0.56901884
0.5747915
0.58056283
0.58820295
0.56968516
0.57140034
0.56404585
0.5839875
0.56618977
0.57246166
0.5660421
0.5758156
0.5733359
0.57331175
0.5611147
0.5746647
0.5650125
0.5625045
0.5760454
0.5706002
0.570752
0.5724353
0.56708974
0.563021
0.58578
0.5761579
0.5659928
0.56489426
0.574598
0.56416994
0.5806902
0.57386047
0.568487
0.64330703
0.56858605
0.58951336
0.5750242
0.56204927
0.57391065
0.5842015
0.5705563
0.58358496
0.57138985
0.5709641
0.5745983
0.57152534
0.57287985
0.5700209
0.58656675
0.5747629
0.56279635
0.5761347
0.57749844
0.5676439
0.5664533
0.5752351
0.5810259
0.55326957
0.5751063
0.5665037
0.5614934
0.5850255
0.5640911
0.56993586
0.5698396
0.574085
0.5762756
0.5669436
0.56582147
0.5760436
0.57324666
0.5734213
0.56839293
0.56240696
0.58464724
0.57110554
0.57755166
0.5626413
0.5675924
0.5703218
0.55468416
0.57662123
0.5733977
0.5723381
0.5833779
0.57091516
0.56547785
0.5745576
0.5705897
0.57144284
0.58540213
0.56184524
0.5493641
0.5672838
0.5879388
0.5791402
0.570378
0.56784266
0.57926416
0.5724836
0.56726724
0.5679984
0.56828505
0.57349205
0.57398194
0.5722415
0.57289666
0.57410544
0.5702469
0.58323944
0.5676566
0.55759364
0.57558846
0.56878644
0.56636745
0.56240404
0.5731675
0.5740457
0.56781936
0.57495713
0.57197267
0.5693808
0.5840005
0.5707144
0.54820913
0.5756778
0.5739639
0.57907605
0.56511277
0.57266927
0.5737829
0.5703324
0.5761058
0.5710275
0.5740217
0.5585595
0.58621484
0.5682157
0.5699216
0.57367206
0.57375795
0.5717012
0.574378
0.56474537
0.57530534
0.56219226
0.57499677
0.5221967
0.583386
0.5706623
0.5699333
0.57115805
0.5741301
0.58062845
0.5683173
0.5722463
0.57427365
0.5775824
0.58251435
0.5650616
0.5760247
0.6226992
0.5590783
0.57429373
0.5695873
0.57494897
0.5735478
0.568531
0.58444387
0.57116735
0.5719699
0.564616
0.5755758
0.5686631
0.5744296
0.5710499
0.5577784
0.56904465
0.57344157
0.5663238
0.57250994
0.56197023
0.567692
0.565887
0.5658762
0.5660048
0.5748337
0.57361966
0.583358
0.5675667
0.5710917
0.56752974
0.5856167
0.5622172
0.5767035
0.57311875
0.5696061
0.5718133
0.56620705
0.5746353
0.5707572
0.57217973
0.5657001
0.5650706
0.57583493
0.57190937
0.56338084
0.5699884
0.56152505
0.5804846
0.58044726
0.5784909
0.57206136
0.5743516
0.56441045
0.5740469
0.57625747
0.5684414
0.5772932
0.56979066
0.5684824
0.5791428
0.5844423
0.57087415
0.5746179
0.56888545
0.5621426
0.573188
0.5706084
0.55945945
0.57403183
0.57200986
0.5758297
0.57301146
0.5744393
0.56088233
0.5988857
0.57068914
0.57289535
0.5670336
0.5696274
0.56631684
0.57552314
0.5715324
0.57818824
0.5689006
0.5750862
0.5643328
0.5756717
0.57118315
0.5687271
0.5674166
0.5830253
0.57731074
0.5673494
0.55907243
0.56358343
0.57451516
0.5737055
0.55468744
0.5784027
0.5627799
0.57334834
0.57049197
0.5656349
0.5683535
0.5731284
0.58612174
0.56521076
0.57293767
0.5712237
0.57160836
0.5744648
0.5648516
0.57536715
0.5661736
0.57384235
0.57172173
0.58223176
0.57028085
0.5748224
0.5744409
0.5668124
0.5736473
0.5800135
0.5674961
0.5701478
0.57479775
0.5520967
0.57888645
0.59468275
0.56447667
0.56742543
0.5752375
0.5734816
0.56910473
0.5734358
0.60906476
0.5631993
0.57579154
0.57321876
0.57400894
0.5705437
0.5707385
0.57335305
0.5587075
0.57728595
0.57217926
0.58814746
0.57197994
0.56886643
0.5658234
0.5713074
0.562752
0.5745678
0.5730931
0.56824154
0.5647901
0.57611966
0.573256
0.57596546
0.5775773
0.5728923
0.556955
0.57475305
0.5649088
0.5739214
0.57781094
0.6506137
0.5523649
0.5742008
0.56647485
0.5674598
0.59620047
0.56548524
0.574903
0.5844247
0.5686319
0.57484764
0.56595707
0.5750547
0.57732517
0.5728804
0.5727119
0.5754511
0.5733252
0.5629985
0.5760427
0.56592196
0.5724993
0.5696354
0.5738782
0.57375944
0.5686811
0.5655975
0.5738768
0.573203
0.5690847
0.5685734
0.5744222
0.5678194
0.5748169
0.5660143
0.55719
0.5751932
0.5658289
0.5632416
0.5728738
0.5728967
0.565224
0.57593435
0.5659335
0.5755207
0.56980973
0.56794447
0.5749276
0.5814633
0.56387484
0.5916447
0.5301396
0.5852246
0.56829756
0.57530063
0.570337
0.58177
0.570457
0.5646915
0.57607555
0.57998514
0.5659252
0.5784524
0.5555733
0.5779936
0.57283676
0.57118636
0.57083917
0.560872
0.58034843
0.5719292
0.56440187
0.560544
0.57531154
0.5649237
0.56647414
0.56648844
0.54154736
0.5677681
0.57301694
0.56605464
0.5755456
0.56633323
0.5742256
0.57298964
0.5867943
0.56810063
0.567712
0.5708087
0.5684571
0.57414246
0.5738679
0.57380587
0.5692298
0.5727751
0.5736522
0.5738694
0.5715415
0.57963055
0.5912896
0.56319803
0.5666988
0.5643867
0.57319874
0.57410175
0.5806436
0.57212263
0.55889136
0.56455374
0.56615525
0.5759137
0.5732873
0.57397944
0.5686676
0.57416064
0.57227546
0.57997346
0.56599814
0.5706977
0.5736669
0.57383704
0.57384366
0.57252187
0.57409096
0.57909495
0.5725097
0.5720731
0.5722625
0.5707405
0.5542647
0.58454776
0.5664948
0.5736955
0.57771903
0.57166433
0.57008094
0.5692589
0.568788
0.57397604
0.57379824
0.57384616
0.5767698
0.56838566
0.6013226
0.5737485
0.57335585
0.52530336
0.58591247
0.5602473
0.5741968
0.5780914
0.56184566
0.5714584
0.57453865
0.57364583
0.5738855
0.57195187
0.56895643
0.57234377
0.58621144
0.56937623
0.5702422
0.5747294
0.56710947
0.56704766
0.5756638
0.5695786
0.5712945
0.56717867
0.5723013
0.5730422
0.57097346
0.57376367
0.56778353
0.5753738
0.57151425
0.5741845
0.5657357
0.57729596
0.56375104
0.5750455
0.569359
0.5692938
0.57503366
0.5718043
0.57414126
0.5737849
0.5733428
0.5699524
0.5695618
0.5764418
0.57222176
0.5656326
0.573996
0.5653884
0.57540447
0.5734062
0.5777579
0.5641772
0.5747126
0.5629619
0.57986987
0.57011324
0.57339543
0.5781389
0.5827995
0.5684006
0.58583957
0.5621602
0.57352567
0.57399637
0.5683577
0.57403517
0.5738442
0.57382274
0.5732778
0.5739814
0.5737975
0.56604874
0.564976
0.5698145
0.5682058
0.5679599
0.574891
0.57338125
0.5614371
0.5742882
0.5639028
0.57581884
0.56353956
0.56926316
0.5862998
0.5671913
0.5700241
0.5714552
0.58660436
0.56824094
0.5749578
0.5846567
0.56815284
0.58442503
0.5674668
0.5731695
0.5713491
0.57418543
0.5728436
0.57402796
0.57244533
0.5698466
0.5652061
0.56628776
0.57544786
0.5719996
0.57117915
0.5741751
0.581786
0.5774042
0.5633463
0.5710992
0.5702482
0.5660581
0.57531375
0.5716903
0.56033975
0.5552194
0.5636357
0.57357675
0.57200676
0.55886877
0.5757559
0.5649614
0.5871577
0.57453245
0.5658037
0.57599556
0.56856054
0.5839494
0.5717227
0.57134867
0.56365615
0.57380587
0.5687193
0.5669747
0.5732607
0.57188296
0.5743374
0.5682362
0.5753022
0.5675947
0.5758317
0.57902336
0.57132584
0.5707758
0.5604511
0.5762504
0.57884383
0.5680754
0.58261424
0.56372964
0.5763092
0.57319766
0.5732963
0.5725978
0.58231497
0.57084906
0.570545
0.5555999
0.57787466
0.585478
0.570947
0.58604926
0.5649382
0.5760775
0.5694646
0.57372147
0.5543954
0.571249
0.581682
0.570231
0.5747145
0.57361454
0.56678295
0.57028466
0.57607776
0.5660038
0.5648129
0.5758389
0.5714586
0.5708156
0.58028907
0.5658458
0.57560736
0.5647519
0.5659685
0.5759124
0.5715174
0.5744262
0.5731377
0.5740114
0.5175383
0.5806311
0.57999325
0.5722806
0.5668445
0.578573
0.558831
0.57202476
0.5668182
0.5754302
0.5637476
0.5663349
0.57525885
0.5695949
0.5696698
0.5727213
0.5815163
0.59214145
0.56231934
0.5867803
0.5539741
0.574022
0.5684964
0.57240564
0.56209475
0.5701732
0.5652921
0.5877302
0.5753723
0.56450033
0.5753482
0.57023996
0.58342505
0.5729443
0.5718053
0.56663805
0.5754652
0.56642056
0.5672708
0.5674603
0.5651162
0.5687099
0.56320685
0.5726581
0.56795835
0.575315
0.5702458
0.5685503
0.5968211
0.5679762
0.5753202
0.5714384
0.5744392
0.5709763
0.5742636
0.5761094
0.5752249
0.56589454
0.57536787
0.5662852
0.5641604
0.5756301
0.55314153
0.57066935
0.56744987
0.56515247
0.57554823
0.5671889
0.5750242
0.5700278
0.5755786
0.57310146
0.565844
0.5552884
0.5777102
0.5811921
0.5706344
0.57277954
0.5738782
0.57258356
0.57399064
0.568217
0.5751939
0.5593114
0.5848977
0.5637672
0.57513386
0.5724628
0.5741017
0.58261245
0.5626336
0.5728932
0.5750406
0.56589174
0.5758508
0.5575419
0.57241553
0.57189566
0.61105174
0.5570131
0.5783305
0.56977814
0.5748627
0.5735705
0.5620914
0.5742862
0.5726978
0.57190347
0.5702758
0.5743096
0.5837634
0.56593204
0.5723822
0.5738485
0.5704928
0.57444686
0.57033783
0.57106996
0.5656914
0.5705142
0.5604213
0.5708707
0.5670822
0.57547075
0.57014596
0.57303274
0.57391614
0.57190156
0.5678614
0.5839425
0.5702437
0.5747424
0.5723681
0.57420474
0.5725639
0.5719948
0.5555405
0.57560587
0.5764395
0.57280296
0.57414263
0.5672379
0.57120305
0.5705933
0.54021055
0.5817874
0.57174534
0.5676437
0.5752693
0.5722262
0.57428175
0.57371044
0.57249373
0.5739526
0.5691537
0.5728027
0.57210755
0.58640856
0.5656576
0.5702136
0.5708428
0.5830555
0.5697674
0.5660413
0.57921976
0.57187223
0.57174796
0.5731935
0.56971383
0.5669418
0.61269885
0.5600231
0.576058
0.56992286
0.56579584
0.57588047
0.5675558
0.5725809
0.57409006
0.5732208
0.5599547
0.5648948
0.5700492
0.57157904
0.5743751
0.5737032
0.56613815
0.5709577
0.5534316
0.56964856
0.57791907
0.56701595
0.5680111
0.57824737
0.5728035
0.5804868
0.57193446
0.5694781
0.57492906
0.5687519
0.56826776
0.5717295
0.54622024
0.5704561
0.5714465
0.5652741
0.57889706
0.57519954
0.57181096
0.5743146
0.59405094
0.5508427
0.5747095
0.57362056
0.57097214
0.5816932
0.5718792
0.56599957
0.5748048
0.5737867
0.5737811
0.57801926
0.5785207
0.57204014
0.5724028
0.5793628
0.57230884
0.55229694
0.570705
0.5692806
0.5731972
0.57408816
0.5737571
0.58037764
0.58823115
0.565589
0.58353704
0.5709552
0.5728593
0.56833196
0.575193
0.5820017
0.56806546
0.5664635
0.5715327
0.6379263
0.5531941
0.5756079
0.5732701
0.56847167
0.56557465
0.58420396
0.56982994
0.5696917
0.57480663
0.5860868
0.5747202
0.5708925
0.55626416
0.5825209
0.57155156
0.5700261
0.57012326
0.57009536
0.586619
0.57184905
0.5714365
0.5701545
0.56421775
0.58083373
0.5627964
0.56959414
0.57464653
0.57363456
0.5660786
0.57588476
0.573292
0.5804755
0.56844026
0.5739864
0.5737478
0.57092565
0.56707066
0.57554644
0.57239276
0.5674983
0.57259154
0.5974942
0.55992144
0.5769989
0.57298446
0.5722614
0.56909657
0.5681364
0.5699737
0.5721984
0.57413787
0.5754151
0.56967515
0.57995445
0.5697184
0.5703673
0.57436365
0.5699759
0.5805797
0.56669754
0.5798361
0.5723681
0.57419777
0.59946257
0.5630234
0.57097423
0.56499726
0.5750966
0.58317953
0.56454545
0.57614034
0.58633965
0.57664514
0.57313436
0.5792678
0.570119
0.5766652
0.5667939
0.5680601
0.5684872
0.586056
0.57022333
0.5684977
0.57387847
0.566938
0.57159805
0.5734127
0.56704605
0.55995846
0.59805256
0.5760235
0.5791549
0.5851256
0.57049537
0.5815244
0.5670447
0.5697199
0.5695036
0.57591563
0.5721136
0.57411224
0.57378465
0.56355333
0.5722465
0.56724524
0.58624864
0.5616665
0.5757596
0.5733915
0.5739388
0.5738085
0.5690927
0.5682225
0.57801515
0.57471126
0.5728403
0.57993835
0.5659148
0.5724433
0.5687287
0.57029533
0.5758369
0.57021576
0.5747285
0.573054
0.5839887
0.56797117
0.573773
0.56104934
0.57697374
0.5641274
0.57503337
0.58104205
0.57436055
0.5737281
0.5730181
0.56761855
0.57376224
0.5660493
0.57408744
0.5752751
0.56846666
0.5816657
0.5705112
0.5724676
0.57212657
0.57243294
0.58227605
0.5671704
0.58661646
0.5614877
0.5763642
0.581795
0.5691389
0.5713734
0.5699052
0.56764287
0.57039183
0.5747259
0.5682309
0.57138664
0.5744091
0.5736116
0.5732441
0.5724087
0.5687657
0.57445973
0.5716331
0.57350993
0.56580144
0.5652347
0.57545567
0.57349634
0.56833935
0.559593
0.57593626
0.5734945
0.56688213
0.57169634
0.57231784
0.55950576
0.5745995
0.5635627
0.5725005
0.56525964
0.59201497
0.5601697
0.5725236
0.57374114
0.5717024
0.57428104
0.57178044
0.5645228
0.5737149
0.5774839
0.56753224
0.5820443
0.56490785
0.5835593
0.57258105
0.57397306
0.5653606
0.5754135
0.5735018
0.57351863
0.57244945
0.58347154
0.56711614
0.57506925
0.57221013
0.57670987
0.57250607
0.5820862
0.5579059
0.5671279
0.5870695
0.5776243
0.57054347
0.5656381
0.5786466
0.5821486
0.57173765
0.5673098
0.57331413
0.5715473
0.56590134
0.5755649
0.56561846
0.5795308
0.57003564
0.5724056
0.5660391
0.5758388
0.57331294
0.5753389
0.5723625
0.5869902
0.5699799
0.5748734
0.566982
0.5832799
0.5714728
0.57323474
0.5704046
0.56869745
0.56892276
0.5679144
0.564039
0.57368845
0.5718667
0.5827675
0.56526536
0.56772727
0.5691918
0.57320595
0.57470703
0.5640072
0.5711537
0.57161885
0.56009275
0.5721528
0.57130367
0.57224804
0.57273656
0.5716011
0.57410854
0.5841213
0.5659964
0.57537276
0.574543
0.5694931
0.6428654
0.5433874
0.58415866
0.56666934
0.5806141
0.5722591
0.5715938
0.5751906
0.5664651
0.5694225
0.57498884
0.56659263
0.57567817
0.5718732
0.5672713
0.58135366
0.5710554
0.57405525
0.57383937
0.5710568
0.58160454
0.5705338
0.5684421
0.56917363
0.572203
0.56553835
0.5719928
0.5665718
0.56569225
0.5707812
0.5602927
0.57605314
0.5660538
0.57533664
0.57348233
0.5707944
0.5742163
0.5688706
0.5698367
0.5600522
0.575273
0.5734749
0.5703161
0.5742767
0.56668204
0.5756741
0.57335806
0.57395595
0.57688427
0.56800866
0.5675836
0.58142257
0.5704066
0.57077545
0.5654332
0.5754681
0.56698656
0.5745065
0.5681787
0.57181215
0.58349645
0.5704903
0.57337093
0.57397515
0.5734115
0.5714343
0.57359296
0.5811711
0.56493604
0.571644
0.574043
0.5656158
0.5797971
0.5843002
0.5706126
0.5186815
0.57713294
0.5671861
0.57252187
0.56948507
0.5785563
0.57269925
0.5707713
0.57457215
0.5716443
0.5643597
0.57560277
0.57346684
0.573915
0.57381386
0.57071537
0.5686991
0.5620375
0.5928831
0.56711406
0.5750975
0.5663805
0.572726
0.5579503
0.57824486
0.59617686
0.5758511
0.5640276
0.5762069
0.5694451
0.57057524
0.5751755
0.57146424
0.5701812
0.58515024
0.5713651
0.59763956
0.5631899
0.5701342
0.5704395
0.5166399
0.58539647
0.56554437
0.5715747
0.5739812
0.570622
0.56767327
0.5746015
0.5808093
0.5689068
0.5724043
0.574269
0.5704118
0.5739322
0.57385445
0.5784024
0.5419945
0.5784796
0.5654755
0.571325
0.58145076
0.56999904
0.57483166
0.57357687
0.57257795
0.5740954
0.5704017
0.56932455
0.57502306
0.57352585
0.57937574
0.572493
0.573257
0.573982
0.57332796
0.573965
0.56452173
0.5746434
0.5692012
0.57498926
0.5698026
0.5748487
0.5663903
0.57408047
0.573085
0.5732836
0.57294255
0.5757648
0.57166463
0.5685159
0.5722652
0.5840773
0.57068753
0.56385434
0.5737417
0.5393948
0.58243376
0.58154887
0.56473476
0.56960696
0.5715418
0.57360595
0.56965303
0.5736875
0.5720696
0.5639508
0.5711023
0.5849255
0.5660538
0.57140607
0.5744516
0.57297367
0.5685014
0.5781285
0.5616459
0.5711749
0.5694245
0.57498485
0.5643657
0.566701
0.5704464
0.56455445
0.57152826
0.57020634
0.57470703
0.5765641
0.5677819
0.56671
0.5686235
0.5662263
0.575818
0.5657914
0.5747048
0.5665358
0.5726873
0.57248604
0.5755624
0.56548333
0.5759647
0.56861776
0.5618265
0.57226896
0.5739675
0.55943036
0.58834976
0.5664534
0.56504935
0.5703458
0.5693817
0.5713305
0.5725418
0.57493407
0.5876656
0.58313906
0.56158257
0.57346493
0.5739556
0.5694413
0.573644
0.5737204
0.56273824
0.5713722
0.57609844
0.56284183
0.56408316
0.5827926
0.5765278
0.5724036
0.5741581
0.5706441
0.5717247
0.5643129
0.5718207
0.5383849
0.5840116
0.5708261
0.57389075
0.5727363
0.5702643
0.57443947
0.5783884
0.56541437
0.5728399
0.57325584
0.5740199
0.57288045
0.57723373
0.5730396
0.57261926
0.57154757
0.5697008
0.5716109
0.5676031
0.5566271
0.5726208
0.5704525
0.5684883
0.5680384
0.5857017
0.57088697
0.57456934
0.58269
0.57837147
0.5686764
0.56024456
0.5719146
0.57485175
0.5696833
0.5798852
0.56453854
0.57400763
0.56986207
0.56637865
0.57519907
0.57259953
0.57401896
0.5728634
0.570139
0.5748628
0.57354885
0.56922275
0.5615678
0.5742243
0.57330996
0.5679019
0.56531954
0.5683865
0.5701657
0.57154197
0.573801
0.5745273
0.5697012
0.5691528
0.5660774
0.5823663
0.56454116
0.5731749
0.5739235
0.56451905
0.56764287
0.5697283
0.5796535
0.57170206
0.5744567
0.5624055
0.57593507
0.56824285
0.5838227
0.5652123
0.5733622
0.5739803
0.57378787
0.5738456
0.5665447
0.57474685
0.61665577
0.5659099
0.57273394
0.57364637
0.5757714
0.583671
0.5739858
0.56982815
0.57339877
0.57234925
0.5811261
0.5719473
0.56905913
0.5815222
0.56552124
0.55850095
0.5717652
0.56778723
0.5734079
0.5775619
0.5724385
0.6308239
0.55911386
0.5775768
0.5714832
0.5718536
0.5676086
0.57501435
0.5735844
0.5738885
0.5738189
0.56615305
0.56775403
0.5752826
0.57264394
0.5680115
0.56813365
0.57531935
0.56714654
0.5746665
0.56628656
0.5730695
0.5727103
0.57410985
0.58188766
0.5574549
0.5612791
0.5767475
0.572398
0.57419676
0.573868
0.5849123
0.57320815
0.5690395
0.5616927
0.5823086
0.5676672
0.56498164
0.56586194
0.5758844
0.56710273
0.57437044
0.56372195
0.56997085
0.56297255
0.5689568
0.57978696
0.5705293
0.5653213
0.5708305
0.58636814
0.56800336
0.5753003
0.5681827
0.57248646
0.56650525
0.56996757
0.5710582
0.5740439
0.5738431
0.5738208
0.57236975
0.5661244
0.56618726
0.56877255
0.5708463
0.5620784
0.57483816
0.5703507
0.57429093
0.63520986
0.5583605
0.5842721
0.5732614
0.57594234
0.5722228
0.5689252
0.56946534
0.56434107
0.57515854
0.5722016
0.5691065
0.5396257
0.5791034
0.59773487
0.57241493
0.5742156
0.562103
0.58374614
0.55664796
0.57672423
0.5701947
0.616914
0.5586613
0.570298
0.55691177
0.5750008
0.56988996
0.57486176
0.5685608
0.56407166
0.57278687
0.573873
0.572423
0.5682802
0.55490655
0.57745457
0.56371814
0.57444364
0.5699814
0.58414644
0.57119304
0.5745034
0.570708
0.5710578
0.5614347
0.5647571
0.5621932
0.5764859
0.56667036
0.57686114
0.5726281
0.5663021
0.5753582
0.57349557
0.5730924
0.5640476
0.57555157
0.57349557
0.5739043
0.55741185
0.5651961
0.5724449
0.57147783
0.55083275
0.5744563
0.5639516
0.5759174
0.5664594
0.5864215
0.5636015
0.5703432
0.5788751
0.5607148
0.57054037
0.5783754
0.5658416
0.5730501
0.5720937
0.56864303
0.58427095
0.5759871
0.5825233
0.5711579
0.5744507
0.570798
0.5725326
0.5750347
0.5440889
0.5597444
0.57073146
0.5731177
0.5740389
0.5699732
0.5692497
0.56794196
0.574917
0.5696718
0.57276326
0.57037467
0.5742304
0.5669685
0.5746923
0.5736376
0.5846529
0.5708036
0.59323245
0.56509876
0.57653004
0.57159
0.5680737
0.570126
0.57479936
0.572081
0.62035424
0.561974
0.57036376
0.57470757
0.5690539
0.5696668
0.5917464
0.56907374
0.56553006
0.5715392
0.57408565
0.57371265
0.5654567
0.57547146
0.5677329
0.5753848
0.5734353
0.5703369
0.5742429
0.5737815
0.57656246
0.5664914
0.5697709
0.56854004
0.57150805
0.5741897
0.5587097
0.5768077
0.5760697
0.57161945
0.56443596
0.57484704
0.5660773
0.55853564
0.5748618
0.5855339
0.5705135
0.5569206
0.5748279
0.5735956
0.57289696
0.56436557
0.5757813
0.5733943
0.56382614
0.5736784
0.55385035
0.57882875
0.56943446
0.585707
0.5646929
0.57047445
0.56309557
0.56735426
0.57309496
0.57361656
0.55197996
0.5781111
0.57996255
0.5706766
0.56600887
0.5742269
0.56746274
0.58465475
0.5641735
0.575844
0.5662138
0.5757494
0.56754
0.56447536
0.5610246
0.5678543
0.57546276
0.57340336
0.56104666
0.59065443
0.5650857
0.56716037
0.5687025
0.5733288
0.5804542
0.5760904
0.5699981
0.5744299
0.5834086
0.5711797
0.5730117
0.5701161
0.5647893
0.57240766
0.5733699
0.5739398
0.57821935
0.5727257
0.57411045
0.56756526
0.57545316
0.57069504
0.57379884
0.54099566
0.57974225
0.5712767
0.57208174
0.5648429
0.5683685
0.57111496
0.5726599
0.57454807
0.5823582
0.5802031
0.533849
0.55002546
0.57666045
0.57160926
0.5738211
0.5810201
0.5720186
0.59533834
0.5560378
0.5788883
0.57719296
0.5694147
0.57497424
0.5768006
0.5687123
0.58833295
0.57002515
0.57922167
0.5752438
0.56844586
0.56891257
0.5707844
0.5698426
0.5719969
0.57397664
0.56817967
0.5694383
0.5506307
0.57145816
0.5744401
0.5714739
0.5570199
0.5763268
0.5678247
0.5815087
0.5707877
0.56957227
0.5747576
0.5750925
0.5620211
0.5756015
0.570682
0.5719573
0.5742968
0.5694143
0.57253474
0.5730931
0.57645077
0.6461217
0.5472711
0.57903177
0.5723719
0.5742211
0.57373023
0.57385784
0.57382494
0.5794789
0.5687136
0.57465094
0.5696559
0.56595266
0.57043314
0.5747221
0.57424176
0.57409304
0.55883795
0.5725042
0.57175934
0.5743571
0.5684083
0.57434416
0.5737089
0.56682134
0.56808496
0.5748455
0.5711367
0.645954
0.55501986
0.57869357
0.5879125
0.5624884
0.57528037
0.5658131
0.58810425
0.5795184
0.5736673
0.5633049
0.5770348
0.5716491
0.5775678
0.57014924
0.56927645
0.57459134
0.5698846
0.5668294
0.56995624
0.5704389
0.566535
0.5731356
0.5728948
0.57391614
0.57383054
0.57020396
0.5631814
0.5714174
0.5740296
0.563876
0.57182026
0.56782824
0.5741798
0.56848913
0.5749477
0.55745816
0.5780185
0.5752961
0.58136076
0.5708254
0.57465297
0.56735724
0.5655839
0.5754692
0.5650123
0.5620491
0.5763664
0.57106656
0.5773661
0.56339955
0.5757856
0.57608604
0.54651636
0.5796582
0.57598287
0.56945586
0.5766803
0.56894386
0.5698717
0.5737302
0.5700496
0.57252675
0.62496334
0.5593795
0.5812115
0.5617221
0.5746222
0.56910735
0.5749795
0.5686205
0.57496434
0.6711288
0.54904836
0.5801454
0.5706807
0.5746307
0.56869453
0.5782387
0.59161454
0.566572
0.574892
0.578013
0.5762825
0.5687538
0.56838197
0.56281394
0.5668399
0.5745847
0.57371384
0.57017606
0.5718554
0.5739625
0.5508829
0.57521266
0.5710806
0.5805345
0.56789047
0.56180245
0.56973404
0.572219
0.5781808
0.5666938
0.5747977
0.55875754
0.57003707
0.57401395
0.5686228
0.5751838
0.58194476
0.56626123
0.57233196
0.5737745
0.5726668
0.5681239
0.57610506
0.57327294
0.5522356
0.5742251
0.57353234
0.5669403
0.56689256
0.569755
0.5743539
0.5737651
0.57383966
0.5735891
0.5727953
0.5739655
0.57352275
0.5630097
0.57440805
0.5701689
0.5697387
0.54368335
0.57165235
0.5692404
0.577092
0.5791292
0.5603852
0.5734703
0.583636
0.5624892
0.56550497
0.5718868
0.57440734
0.57055885
0.5735934
0.57385707
0.5718024
0.5651129
0.5829534
0.5605505
0.57459813
0.5703533
0.57472783
0.5649751
0.56575555
0.5707269
0.5746482
0.5711279
0.56989354
0.5735777
0.5775379
0.5706695
0.5736224
0.5713575
0.54110473
0.5716645
0.5741854
0.579105
0.5579696
0.5742516
0.5735494
0.5735533
0.57127136
0.5744912
0.5721056
0.5742826
0.5649598
0.56664443
0.5662124
0.5740944
0.57364494
0.5701613
0.5704227
0.57860106
0.57122487
0.58234113
0.5682414
0.5704286
0.5696967
0.5858733
0.55318356
0.56684625
0.57381374
0.56548625
0.56873184
0.5677979
0.5691183
0.5750017
0.5642807
0.5750852
0.5619684
0.5735281
0.5737952
0.5714114
0.5714071
0.56620324
0.5737553
0.5575919
0.571403
0.57460976
0.5644371
0.58148175
0.5712291
0.5745751
0.57110614
0.5746958
0.5701085
0.5757717
0.56831235
0.57522994
0.56951016
0.5737336
0.5661078
0.56650954
0.57570666
0.5780873
0.57271916
0.5777463
0.5851724
0.5695841
0.57102484
0.5291186
0.58366007
0.5710034
0.57290673
0.5687908
0.5703894
0.5730302
0.57298356
0.5701887
0.5648909
0.5759254
0.58281904
0.56451875
0.5739917
0.5738184
0.57454264
0.57799286
0.5764978
0.57193804
0.5807542
0.57210964
0.57140326
0.5668457
0.5631704
0.5617825
0.5761902
0.57248586
0.5810457
0.5690875
0.58001345
0.5704626
0.5670232
0.57646376
0.5581835
0.55854464
0.57779074
0.56987244
0.57287127
0.5730723
0.57373315
0.57359767
0.5695355
0.57209724
0.57684857
0.5727625
0.5641823
0.5754257
0.5637948
0.5674034
0.56900376
0.5751998
0.56950766
0.57451653
0.5737092
0.56682736
0.5716341
0.5705536
0.5713673
0.5731206
0.5834233
0.56597215
0.57412595
0.57371575
0.5738645
0.56475306
0.5761403
0.57324344
0.5680297
0.5680596
0.56748474
0.5713332
0.57437044
0.5708161
0.5715578
0.5743969
0.57369137
0.58119476
0.585608
0.5618326
0.5827638
0.5717214
0.5669717
0.568922
0.5696253
0.573348
0.5800137
0.5791715
0.5670145
0.57568264
0.56927156
0.57357764
0.55972415
0.57703215
0.5703896
0.580697
0.57182837
0.57437116
0.5736901
0.57386714
0.5738218
0.57383335
0.5695618
0.57494974
0.5695366
0.5748959
0.56129605
0.56351084
0.5704773
0.5718448
0.5829298
0.5714541
0.5675199
0.5678467
0.5753368
0.56474864
0.5820048
0.5743485
0.5678485
0.58886504
0.5706124
0.5607396
0.57395107
0.5615658
0.5763011
0.5728788
0.5740419
0.58006966
0.5626705
0.5674877
0.5745142
0.57367235
0.5638284
0.57638496
0.5672257
0.5751732
0.5735341
0.58296245
0.5714522
0.57444066
0.5720355
0.566895
0.5846285
0.5673408
0.5680315
0.5671154
0.5802366
0.5674047
0.56007093
0.5754332
0.56024826
0.5765777
0.5707932
0.56769913
0.57505137
0.56517595
0.58051723
0.5716123
0.5782912
0.57955366
0.5684431
0.5674777
0.568624
0.5776079
0.5388876
0.5805988
0.56964844
0.5746011
0.57029516
0.58617926
0.5613675
0.57665175
0.5717173
0.5722663
0.5712566
0.5752699
0.57289034
0.561132
0.5663371
0.57042843
0.5747524
0.5725303
0.5694723
0.5643848
0.57783055
0.5680568
0.5739272
0.569218
0.5677678
0.574093
0.5599435
0.56380934
0.5829945
0.5680525
0.5867481
0.56506866
0.57167864
0.58449894
0.5760506
0.5658536
0.56939477
0.5834366
0.57143074
0.5623266
0.57609826
0.5696203
0.5684995
0.5752755
0.5731521
0.5739719
0.5798796
0.5723725
0.55970544
0.5751979
0.573567
0.57388633
0.5717967
0.5726838
0.5741661
0.58281136
0.5776966
0.57019633
0.57442075
0.57084596
0.57107115
0.57103103
0.57462496
0.57544714
0.573277
0.5739796
0.5724786
0.57412857
0.58115363
0.5673321
0.5501165
0.5796023
0.54172224
0.579846
0.5750418
0.5358544
0.5824995
0.5612808
0.57839686
0.5717449
0.57447666
0.5690194
0.5746977
0.56573194
0.57124233
0.5843914
0.56609756
0.57071954
0.57236665
0.57060605
0.5682805
0.5698624
0.5746061
0.57726955
0.5635493
0.5764208
0.56597066
0.56683594
0.5706518
0.5744187
0.56847423
0.56399244
0.577949
0.5622816
0.573633
0.5739781
0.5674924
0.57545555
0.5402433
0.5770082
0.57222265
0.56998956
0.56249285
0.57468873
0.56810045
0.5753486
0.5682764
0.5752329
0.5690368
0.5696504
0.56541353
0.56937647
0.56677645
0.6561211
0.5494049
0.5916043
0.5552657
0.5640194
0.57365274
0.5714201
0.58592063
0.57045853
0.57472605
0.56908405
0.57830954
0.5688425
0.5696022
0.5646917
0.57529765
0.58059406
0.5672894
0.5722546
0.52634805
0.5805388
0.5867862
0.55837864
0.6052842
0.5587775
0.56820893
0.571515
0.56992626
0.57032424
0.57464236
0.57363063
0.5778561
0.56935936
0.57471997
0.5693957
0.57128805
0.58083683
0.5666914
0.57504374
0.57966167
0.57104903
0.5703108
0.5746383
0.57347447
0.57276803
0.5741008
0.5737622
0.56418824
0.5720828
0.56740004
0.5718636
0.5816765
0.5716286
0.56306386
0.57605
0.56784
0.57336116
0.61828756
0.55374223
0.5706914
0.56975704
0.5704667
0.56510174
0.571719
0.57196575
0.5739765
0.57057697
0.5767583
0.5786317
0.57887274
0.5717246
0.5731442
0.5508175
0.5812278
0.5785597
0.5776749
0.57039046
0.57476825
0.56866056
0.5921364
0.5499441
0.57748693
0.57409513
0.5728025
0.5736071
0.5736745
0.57240385
0.59279436
0.5667517
0.57536393
0.57944745
0.57956815
0.5719144
0.5727561
0.57081026
0.5710538
0.5702004
0.57396245
0.57389957
0.57379967
0.56845355
0.56104535
0.5663552
0.5539573
0.57577246
0.5652333
0.5735629
0.5781385
0.5676393
0.567952
0.57163495
0.56598717
0.5691927
0.5690912
0.5699957
0.5741878
0.5645361
0.57572144
0.57706696
0.5730126
0.57012343
0.5734218
0.581434
0.5702962
0.5758454
0.5728521
0.5723699
0.57327837
0.57398343
0.5737892
0.57279277
0.5724063
0.5687631
0.5713412
0.57251704
0.58433765
0.57005507
0.57380706
0.5728996
0.5698511
0.56633115
0.5663094
0.5757012
0.5733618
0.5739484
0.56423837
0.57606333
0.56930333
0.57265234
0.5728253
0.56760365
0.56335586
0.5723793
0.5739152
0.5672142
0.57103676
0.5674357
0.583351
0.57143694
0.5696128
0.56476814
0.57562405
0.567256
0.5749738
0.5716297
0.5656512
0.5749783
0.55922765
0.57223237
0.5680384
0.5734572
0.5737482
0.5711983
0.56846195
0.5649987
0.5822066
0.57171226
0.5660967
0.5734846
0.5740172
0.57318217
0.5838159
0.56895727
0.57509685
0.5735034
0.57634854
0.5536392
0.5813649
0.56869906
0.5643117
0.5719055
0.57441145
0.57831025
0.5788503
0.5691206
0.56845737
0.57043153
0.5624673
0.5735204
0.56445575
0.58356166
0.56757313
0.5686926
0.5752793
0.5735252
0.5653047
0.56425256
0.5717862
0.561265
0.5760804
0.5767316
0.5722943
0.5779452
0.5723421
0.5686102
0.5679229
0.566057
0.57908064
0.5651515
0.5752393
0.57226396
0.5866606
0.5643409
0.57545453
0.57352036
0.5775223
0.5696544
0.57450396
0.5705085
0.566761
0.5671994
0.575079
0.5668731
0.558789
0.5778751
0.58165133
0.5800913
0.5712139
0.57214576
0.5640114
0.5713701
0.57334685
0.57188874
0.5691007
0.57481223
0.57226187
0.56116897
0.5765528
0.57818866
0.56762415
0.56982636
0.5583531
0.5772551
0.566343
0.54971045
0.5754733
0.5759075
0.57340795
0.5680421
0.58651304
0.5669196
0.5752497
0.56682956
0.57502466
0.57360095
0.5738795
0.5920254
0.5738136
0.5685126
0.57373405
0.5732793
0.56032985
0.56921864
0.5739109
0.5691965
0.57009214
0.5735025
0.57151103
0.57441545
0.5748675
0.5725925
0.57412845
0.5660692
0.5720733
0.559009
0.57570887
0.5699343
0.5903521
0.5705511
0.5702835
0.57416797
0.5704465
0.56356
0.5761658
0.5689509
0.5855968
0.5650075
0.5756034
0.57344276
0.565932
0.58030266
0.5619786
0.5684893
0.575281
0.57344586
0.57087475
0.57171875
0.58409286
0.5819521
0.5717809
0.5739174
0.57067764
0.5659916
0.5879104
0.56697863
0.56976765
0.5747657
0.563527
0.57309616
0.5738129
0.5738619
0.5621999
0.55812985
0.5771701
0.5677635
0.57450974
0.5790437
0.5661699
0.5757161
0.5829497
0.565576
0.5755014
0.56672853
0.57051295
0.5747468
0.5726642
0.58592767
0.5708174
0.5728857
0.56365126
0.56821376
0.5707714
0.57465196
0.5637855
0.57596046
0.56153256
0.57674056
0.57190794
0.57306105
0.5814488
0.56819904
0.57442355
0.573355
0.5818312
0.5581667
0.5568087
0.58304054
0.56818146
0.58466697
0.5658179
0.56599116
0.575224
0.5735552
0.5731139
0.57359725
0.5734975
0.56959575
0.57359153
0.5641251
0.574074
0.5711583
0.57053167
0.57454985
0.5722408
0.56917995
0.5701067
0.56597453
0.57031065
0.5633293
0.5769432
0.565821
0.57488257
0.5634547
0.57470226
0.57361823
0.573216
0.5739043
0.57382196
0.57383114
0.57244456
0.57419324
0.57373506
0.5680119
0.58217436
0.5674175
0.56350297
0.5637858
0.5687857
0.5713449
0.56585985
0.57791317
0.568816
0.5611612
0.5721372
0.574274
0.52620584
0.5774515
0.56607217
0.5849387
0.5737064
0.569227
0.5696462
0.5746245
0.57366043
0.56996727
0.5710768
0.5742609
0.5750622
0.553836
0.586108
0.55229515
0.5761989
0.5699101
0.57401913
0.5687262
0.5662988
0.58213526
0.5718152
0.5823266
0.5712797
0.57963306
0.5698659
0.56549317
0.5617354
0.5690387
0.57513845
0.5584695
0.5707955
0.5674512
0.56217474
0.57579845
0.5713001
0.57447904
0.5731521
0.5739991
0.57228655
0.56815434
0.5790958
0.5666316
0.5744671
0.5684921
0.57214004
0.57797617
0.57432204
0.5726618
0.5689323
0.5747871
0.5736247
0.57387733
0.56695896
0.57441396
0.5724066
0.57678294
0.5710029
0.5764418
0.5733234
0.56852835
0.5707242
0.5653703
0.5663955
0.57342374
0.55701023
0.5735223
0.5700858
0.57445735
0.5691955
0.5709066
0.5740618
0.5674657
0.5687616
0.5748833
0.5812152
0.562906
0.57276064
0.573728
0.5683383
0.57337093
0.5690395
0.57504493
0.57352114
0.5591216
0.5672576
0.5614596
0.58520013
0.5668104
0.57519394
0.5725915
0.57221776
0.5691374
0.57412857
0.5737119
0.5692325
0.572385
0.5735575
0.568489
0.5613194
0.5800443
0.5747034
0.57300764
0.5775364
0.57204115
0.5820392
0.5717756
0.5644317
0.5740269
0.57349277
0.5739543
0.5696469
0.5678462
0.569496
0.57446516
0.5709602
0.57310325
0.5643205
0.5788087
0.56047946
0.5752126
0.57065976
0.5746704
0.5736093
0.5630534
0.5765872
0.5722144
0.56563467
0.575285
0.5548258
0.5748471
0.5687114
0.5741467
0.5678087
0.56193393
0.56989187
0.5744169
0.56726354
0.6606001
0.5511071
0.5797048
0.5586531
0.57768905
0.5728489
0.5711647
0.5704997
0.5687286
0.5751308
0.58448774
0.5523419
0.5787186
0.5791409
0.5720638
0.57295054
0.5641453
0.57164603
0.5740581
0.57122356
0.5741634
0.5620484
0.5736639
0.5797682
0.56376314
0.5744663
0.5719729
0.5741286
0.5673459
0.5708339
0.5746824
0.57821816
0.56862086
0.5670499
0.5753769
0.5721322
0.5703749
0.5743856
0.5736329
0.57258517
0.5731487
0.5738795
0.5738333
0.56946206
0.5711398
0.5703322
0.57388145
0.571879
0.5741351
0.5801813
0.56757677
0.5801079
0.5605945
0.5676677
0.58549064
0.5706963
0.5746468
0.5634885
0.57260793
0.5737798
0.5738892
0.5738089
0.5736086
0.5208771
0.58232504
0.57208747
0.5701103
0.5850652
0.5659115
0.5660413
0.57536894
0.56429577
0.5761108
0.57146806
0.56898564
0.57425183
0.5690544
0.5750321
0.5754686
0.5726289
0.5675945
0.569617
0.5633555
0.56263405
0.5539499
0.57668036
0.5725438
0.57407826
0.5678119
0.57334363
0.5715031
0.5691554
0.5750037
0.5549436
0.5849592
0.57698417
0.57904696
0.57131106
0.56594825
0.5686448
0.56535786
0.565702
0.5826514
0.52329713
0.5765936
0.5614683
0.5750875
0.573459
0.57393104
0.5606214
0.5767121
0.5731576
0.5849636
0.57045823
0.561918
0.58876103
0.56248707
0.57219166
0.567502
0.57464504
0.58223474
0.5748779
0.568527
0.5749919
0.57449764
0.5707287
0.5718412
0.57409376
0.568623
0.56966335
0.57501024
0.59688205
0.5637347
0.5753113
0.56161916
0.5703084
0.57612944
0.58260757
0.584109
0.5800937
0.5693074
0.55635375
0.5771498
0.5516186
0.574478
0.53173655
0.5805648
0.56649786
0.568161
0.5752252
0.568886
0.56859875
0.5743916
0.5713306
0.569336
0.5649634
0.5680037
0.5734992
0.57398
0.5723679
0.568674
0.5725246
0.5637017
0.57182413
0.5720324
0.5743533
0.56984633
0.5690802
0.575079
0.57350975
0.6220818
0.5585728
0.5780766
0.5727074
0.5741195
0.5785323
0.5725558
0.5659333
0.57432437
0.5737477
0.5758789
0.5808112
0.5716355
0.56593966
0.5863772
0.56531614
0.5752925
0.57282
0.56094307
0.5771678
0.57428557
0.5732011
0.5828568
0.56883955
0.5751338
0.56567216
0.57548964
0.57104063
0.5734074
0.5713027
0.5744905
0.5659468
0.5725747
0.5682078
0.5741148
0.5627704
0.5760055
0.5733604
0.5699847
0.57094187
0.56666845
0.5715353
0.572087
0.5721579
0.57312036
0.56082886
0.57667
0.5731608
0.581599
0.56493616
0.5827296
0.5687211
0.5688988
0.5642281
0.56376606
0.5620226
0.5721523
0.57377654
0.57303256
0.57391864
0.5738215
0.56192
0.57584286
0.61681616
0.5632477
0.56941694
0.5723912
0.58197135
0.5787335
0.5786411
0.572407
0.5739178
0.572476
0.5856289
0.56688935
0.5751863
0.5718264
0.5696213
0.5728354
0.57402015
0.57378453
0.5715988
0.5718552
0.5790949
0.55974287
0.5666212
0.5727475
0.5797
0.57200855
0.55615425
0.58756006
0.5668194
0.5776412
0.5820628
0.56870955
0.5706253
0.5734741
0.56705546
0.57312876
0.5859483
0.57081795
0.57096505
0.5717463
0.5831606
0.5631608
0.57590365
0.5727218
0.56971574
0.5749859
0.56834024
0.5799453
0.641192
0.555228
0.57199657
0.57363385
0.5701743
0.5821347
0.5668149
0.56111854
0.5767216
0.57156485
0.57132745
0.5777514
0.57570434
0.5046086
0.57754874
0.5732413
0.56550413
0.57263833
0.56503695
0.56322384
0.57504654
0.57371235
0.572222
0.5742546
0.573718
0.5667387
0.56086123
0.56587225
0.5724415
0.57875174
0.57238466
0.56618863
0.5712077
0.5661196
0.56748
0.5746116
0.5629582
0.5756936
0.5734734
0.5733151
0.57388884
0.5736379
0.57385415
0.56480795
0.5751681
0.5736131
0.57386875
0.57382184
0.5694553
0.563755
0.575589
0.5674128
0.5746992
0.57079095
0.56552047
0.5745354
0.5681196
0.58241504
0.57151246
0.5677425
0.5751589
0.57050854
0.57468444
0.5656119
0.56853044
0.56926674
0.5688217
0.57259494
0.5571685
0.5958884
0.563677
0.5746122
0.5734601
0.5635033
0.5787956
0.5865583
0.56937283
0.5749901
0.5614703
0.57266736
0.5668459
0.589155
0.5699218
0.5718513
0.5597301
0.52677774
0.5658324
0.5721008
0.5707063
0.560371
0.5754903
0.570412
0.568178
0.57137823
0.54200006
0.5793705
0.5723488
0.574225
0.571195
0.5743072
0.5630043
0.5748678
0.5735896
0.5726197
0.56947833
0.57227355
0.5629275
0.5675425
0.5748506
0.5689082
0.5716242
0.56859064
0.57384473
0.56634253
0.57179743
0.5610371
0.57644224
0.5727351
0.5740371
0.56699413
0.5750763
0.5637866
0.56912094
0.5892606
0.5700492
0.5834196
0.5714441
0.5735231
0.5919009
0.5691057
0.5750418
0.5685677
0.5835056
0.56939954
0.57906175
0.5838631
0.5727687
0.5729023
0.56581837
0.5856077
0.5659029
0.57070184
0.5704715
0.57288575
0.5624988
0.57466555
0.57350373
0.573929
0.5738017
0.5545573
0.5753389
0.57157475
0.5765669
0.5639116
0.575329
0.5730379
0.5694209
0.57005787
0.56958264
0.56900686
0.57138824
0.5740957
0.5632965
0.5632618
0.5754401
0.57656723
0.57859445
0.5684656
0.5673659
0.57149327
0.57434076
0.5636676
0.5778279
0.5716815
0.5655324
0.57289284
0.56829613
0.5816441
0.5681705
0.5931211
0.56994283
0.5748349
0.57357293
0.5727403
0.56976646
0.5716621
0.5659268
0.5649457
0.5735895
0.57366544
0.57390064
0.5688601
0.5744757
0.560657
0.5735383
0.5671196
0.5752259
0.5577534
0.5786636
0.5704949
0.5689294
0.5749627
0.5637838
0.5735955
0.58135694
0.5711175
0.5737041
0.56688815
0.5740684
0.5851241
0.5611279
0.58374923
0.57963085
0.572217
0.57715064
0.573039
0.5740163
0.5703154
0.5764075
0.553858
0.5752933
0.5735967
0.5738706
0.5723844
0.5700455
0.5803737
0.5721703
0.571415
0.56513757
0.5725016
0.5694881
0.572551
0.5738881
0.5660065
0.5712448
0.5842359
0.57021755
0.5668032
0.56947005
0.56291646
0.57534504
0.5696781
0.57164454
0.5743875
0.57639545
0.5723795
0.5653622
0.5758538
0.5714171
0.5480135
0.58486086
0.57240653
0.5684175
0.5731204
0.57443744
0.5692656
0.58291835
0.57156974
0.56917506
0.56011075
0.5762102
0.569799
0.5718303
0.57181257
0.5757322
0.5659018
0.5759556
0.56988853
0.5810508
0.5631034
0.576567
0.5545637
0.57345456
0.5717836
0.57369226
0.56909364
0.56745356
0.5795557
0.57001495
0.5615858
0.57622904
0.56605417
0.5730074
0.565628
0.56775016
0.5753431
0.5861508
0.5707218
0.59278816
0.5688638
0.5705287
0.6222822
0.5601797
0.5730098
0.56994873
0.5692308
0.56224996
0.5753594
0.57602966
0.5676873
0.58060503
0.56240255
0.5716316
0.5738072
0.57133293
0.5780697
0.5675308
0.5710754
0.57095724
0.56079835
0.57597584
0.5584356
0.5758621
0.52714413
0.5854496
0.5660655
0.565877
0.56543165
0.5694336
0.57651585
0.56690145
0.5728313
0.57410365
0.57583135
0.5727318
0.57248515
0.5831321
0.5682454
0.5745034
0.57374495
0.57282513
0.5681248
0.57526535
0.5706503
0.5738158
0.56978494
0.56994325
0.5708131
0.5742883
0.5700553
0.57465786
0.57331043
0.5651117
0.576075
0.5724636
0.57735425
0.5798636
0.5756734
0.636581
0.55776477
0.6693764
0.546627
0.5780068
0.5688912
0.5743036
0.5661445
0.5752874
0.57506406
0.56801814
0.57531065
0.6178803
0.6198826
0.566138
0.5753086
0.5691801
0.584583
0.56271917
0.5753313
0.57329184
0.5761959
0.57135874
0.5745098
0.57364994
0.5798426
0.5631678
0.5662721
0.57408375
0.56869584
0.57514787
0.5714193
0.5701425
0.57481056
0.5716141
0.5828739
0.564562
0.57548094
0.5716829
0.5670721
0.5755202
0.5789179
0.572562
0.57414466
0.5594484
0.5720517
0.56819266
0.57259995
0.57286865
0.57393
0.5804482
0.57092637
0.5745447
0.5736513
0.5682535
0.57244724
0.5742724
0.58072615
0.57094544
0.57952744
0.59918934
0.56597346
0.56910425
0.568253
0.5662842
0.5705366
0.57407117
0.5738453
0.556731
0.57751954
0.56874925
0.5640271
0.5548999
0.56868345
0.57502484
0.57350546
0.57391554
0.574022
0.5741934
0.56270576
0.5804829
0.57014996
0.57477313
0.5650139
0.57033205
0.57286024
0.56568176
0.5723184
0.5592043
0.56940824
0.5661995
0.5629706
0.5707553
0.5118895
0.58216673
0.5607995
0.5771072
0.57194823
0.57331973
0.56661916
0.5678688
0.5699441
0.5733033
0.5737436
0.57509255
0.55877155
0.5627015
0.5747085
0.5690642
0.569375
0.5662767
0.57587665
0.5670835
0.5730227
0.57601523
0.5748203
0.5715754
0.5618427
0.5642576
0.5628353
0.57651246
0.5682159
0.57511073
0.5713788
0.5660276
0.5710202
0.57071775
0.5855665
0.57092506
0.57132214
0.5741284
0.5758219
0.6096094
0.56241035
0.57536197
0.57842416
0.57024884
0.5706206
0.5743234
0.573744
0.5697969
0.57368916
0.57304937
0.5671523
0.5644875
0.5765887
0.5683202
0.56585187
0.57501715
0.5822124
0.5688663
0.5737255
0.5691553
0.5683746
0.56834966
0.60156035
0.5665721
0.57311916
0.57403314
0.56672317
0.5639716
0.5753872
0.5733936
0.5718766
0.57373196
0.5966967
0.56316775
0.57511586
0.57032186
0.58141464
0.57619697
0.5757527
0.5755272
0.56645155
0.57471937
0.5720772
0.57754827
0.56858146
0.5731341
0.56380916
0.576215
0.5718573
0.5632112
0.56840354
0.5731356
0.56047666
0.5508635
0.57967037
0.569097
0.5749345
0.5728664
0.531009
0.581192
0.57241726
0.57412785
0.5737616
0.5570083
0.57517457
0.5633901
0.57601875
0.58446294
0.56985307
0.57036465
0.5684775
0.6474363
0.55238324
0.5691604
0.56908804
0.5647633
0.5738347
0.577146
0.5673743
0.574614
0.57662123
0.56377023
0.57586676
0.57211167
0.57410055
0.56478524
0.56874377
0.5797855
0.5815307
0.57901275
0.56863517
0.57524186
0.5724636
0.5737119
0.5716586
0.56508404
0.5720935
0.5740682
0.567564
0.572096
0.57312083
0.5668716
0.57873625
0.5749739
0.5776496
0.57292056
0.57405114
0.57317805
0.59486896
0.57614064
0.5734518
0.5737808
0.5708159
0.5691819
0.5779389
0.57227737
0.58441234
0.57037634
0.57285243
0.5738732
0.5738442
0.5738222
0.57152313
0.56925106
0.56702274
0.5620261
0.6627653
0.5491602
0.59089494
0.5685374
0.5873478
0.5704401
0.5795153
0.5684948
0.57520527
0.5723472
0.56885797
0.5736029
0.5753347
0.5734121
0.56399316
0.5741331
0.57374746
0.5707435
0.5742253
0.58440095
0.57117826
0.56635815
0.5738457
0.5713327
0.56975794
0.5611589
0.55798703
0.57756644
0.57291
0.5682911
0.57501286
0.57934004
0.5717358
0.56487936
0.58369917
0.56960255
0.5747033
0.5314078
0.57515144
0.5820976
0.5772055
0.57803553
0.5695434
0.5758178
0.5749344
0.57878226
0.57173747
0.5743693
0.5696046
0.57489514
0.57080895
0.5583742
0.57181937
0.58141
0.5770504
0.6294705
0.56941456
0.574973
0.57254463
0.5706684
0.56482106
0.5782969
0.56318235
0.5656911
0.56546086
0.56417966
0.575869
0.57820916
0.5673127
0.5644925
0.5793974
0.56748694
0.5755306
0.56295323
0.57549053
0.57336074
0.5770459
0.5639419
0.57027936
0.5735107
0.5616337
0.5753197
0.58657837
0.56477803
0.5753483
0.5586142
0.57658404
0.5732243
0.5717805
0.5733759
0.5697763
0.57308984
0.5737377
0.5798587
0.5700956
0.5514365
0.5750396
0.58019924
0.56265134
0.5767062
0.5730873
0.5740207
0.5627841
0.5703764
0.57859755
0.5473661
0.58488035
0.57691
0.5802026
0.5736971
0.58413076
0.5712145
0.5663081
0.5738209
0.58513826
0.5665395
0.5638605
0.5759649
0.5732051
0.5644788
0.56768256
0.57244784
0.56947863
0.57012296
0.574855
0.571602
0.56569535
0.5626307
0.572624
0.5738421
0.5645575
0.5733687
0.5712039
0.5732286
0.5740101
0.5786013
0.5724978
0.5714032
0.57443905
0.5683542
0.5670671
0.5626728
0.5760165
0.57335114
0.55354017
0.5767129
0.57326174
0.5730398
0.5740753
0.5701742
0.56675076
0.5747144
0.56381565
0.58496827
0.5699783
0.5719147
0.572903
0.5741009
0.56498045
0.57031137
0.5748215
0.568672
0.5723007
0.57353395
0.56750697
0.57418555
0.565625
0.5720048
0.5743396
0.5695074
0.57290727
0.5721243
0.5682262
0.5752923
0.5713728
0.5679567
0.56569904
0.56451637
0.56948787
0.56743306
0.5734273
0.5657265
0.5676377
0.5744423
0.5696885
0.544486
0.58035064
0.5721249
0.5733044
0.5734086
0.56854004
0.5630732
0.57439685
0.5741069
0.5676904
0.56850106
0.57120967
0.5744133
0.59938365
0.56681865
0.57567
0.57335544
0.57022387
0.578994
0.56758475
0.5717241
0.5808025
0.5720704
0.5668481
0.562861
0.57169795
0.56508845
0.5785404
0.5971108
0.5671715
0.5737155
0.5733154
0.5739543
0.5723823
0.55931354
0.577094
0.572305
0.58584356
0.5705392
0.57618046
0.57219195
0.57217795
0.5767233
0.5729529
0.5740691
0.5638651
0.5726659
0.5739972
0.5704574
0.57176816
0.5659179
0.57259756
0.57377017
0.574533
0.5736454
0.5787279
0.5675995
0.5827611
0.5686417
0.57413363
0.5663739
0.57143515
0.5645788
0.5795588
0.5701796
0.5634011
0.5602447
0.5671331
0.5756176
0.5730388
0.5740352
0.5722046
0.5701278
0.57476205
0.63156193
0.54987246
0.5827361
0.57042927
0.57274693
0.5740298
0.5785843
0.5709773
0.573904
0.6002317
0.5665565
0.57589674
0.5714223
0.5707442
0.56172544
0.5755337
0.57346636
0.5739081
0.574626
0.5681372
0.579719
0.5722794
0.57009095
0.5737009
0.5774459
0.57245266
0.57310325
0.58365536
0.5818231
0.56910336
0.58009523
0.568487
0.58612424
0.57296735
0.5733171
0.58311313
0.5692494
0.561326
0.5640612
0.57009715
0.56522804
0.55813956
0.5691185
0.5906772
0.5614898
0.584802
0.568945
0.57505274
0.5735213
0.57390666
0.57380944
0.573834
0.56904286
0.581081
0.57201797
0.56489986
0.579969
0.5707901
0.572089
0.5673849
0.5662741
0.58233625
0.5690846
0.57481617
0.5649542
0.5752271
0.5733861
0.5620068
0.5704837
0.5732279
0.5906228
0.56712323
0.57517564
0.5732325
0.5663729
0.5654896
0.5743596
0.5729327
0.5756206
0.5780407
0.62047434
0.560588
0.5725841
0.5710124
0.5655443
0.5791481
0.57252085
0.5708023
0.57462597
0.570999
0.57454467
0.57077444
0.56114525
0.5714511
0.5744771
0.5674968
0.56221277
0.5664508
0.57259065
0.5733071
0.5791469
0.5920407
0.5938528
0.57796496
0.55914396
0.58515245
0.57098085
0.5698111
0.5748767
0.5714984
0.5653539
0.56501234
0.5851979
0.5627226
0.5785809
0.57091606
0.5775969
0.5725179
0.56958026
0.5056195
0.5886783
0.57038784
0.5727997
0.5660681
0.57573766
0.58039904
0.5731849
0.573958
0.57342523
0.5668406
0.5646923
0.57616806
0.5732348
0.56839865
0.5748808
0.573601
0.5738825
0.5729962
0.5699053
0.57372797
0.5715196
0.57293963
0.56607723
0.57549804
0.5699547
0.573381
0.589156
0.561448
0.5694403
0.5746659
0.5689381
0.5631605
0.57443285
0.57076293
0.57209367
0.58112913
0.57057506
0.574472
0.57186097
0.5699714
0.46826243
